182 408
237 191
829 954
469 147
139 558
869 129
305 668
461 239
878 856
271 513
41 992
711 761
969 817
924 357
928 976
502 449
758 725
872 239
650 92
687 956
871 423
36 117
996 54
447 361
507 585
172 89
975 543
595 253
376 7
146 937
793 288
133 664
940 228
849 616
156 306
222 182
83 244
596 915
901 14
151 864
940 393
69 677
566 734
270 216
132 262
70 348
908 82
88 232
713 695
731 690
593 276
993 27
528 655
381 757
820 180
941 675
192 423
185 263
52 269
443 657
941 198
575 287
377 934
669 664
126 404
172 526
195 802
257 539
327 790
248 266
465 768
58 730
879 93
305 758
659 275
760 129
803 935
726 609
824 235
52 88
57 140
548 419
641 35
517 772
662 218
541 67
300 881
150 509
145 17
700 771
986 698
741 263
86 560
914 866
785 35
358 873
756 887
796 753
291 16
846 400
87 82
931 871
237 977
736 573
38 85
667 301
688 904
316 931
758 434
556 538
780 964
810 770
766 132
340 680
24 137
491 335
448 424
579 390
868 630
49 561
670 919
293 580
335 78
282 389
315 117
324 266
545 543
809 771
998 637
395 977
866 142
109 335
963 626
900 496
537 305
888 354
218 111
923 233
478 60
386 902
925 977
913 153
728 412
163 181
430 128
202 883
360 199
996 706
143 738
639 222
36 818
534 678
688 295
925 43
581 505
241 277
749 46
812 695
497 331
15 151
637 838
24 263
730 523
855 527
636 310
260 831
373 105
835 575
993 534
226 794
396 262
874 170
849 163
996 85
469 876
990 73
27 967
918 980
416 756
495 727
154 934
786 443
5 453
118 629
806 931
707 126
819 228
947 14
354 137
2 210
938 814
47 955
840 987
892 58
306 352
203 9
473 636
497 411
602 40
280 198
397 327
111 680
731 185
764 784
225 744
621 119
954 498
91 582
148 105
817 145
41 424
836 157
969 479
930 14
54 624
160 724
176 298
367 183
994 573
38 768
253 32
670 786
243 632
898 281
391 266
53 890
403 203
193 499
386 494
949 692
695 158
6 959
309 388
730 131
385 882
657 103
829 785
989 885
519 808
651 461
537 382
449 100
233 739
947 140
764 450
369 814
79 105
940 965
870 412
713 413
200 791
612 932
179 522
209 248
172 738
174 73
922 405
181 743
980 270
713 263
743 619
103 443
740 891
256 816
226 923
619 612
880 27
304 943
358 269
450 401
348 717
701 613
250 487
912 484
610 85
444 133
795 8
551 803
896 522
586 431
344 210
241 936
151 743
308 441
253 784
625 802
870 699
333 889
754 820
331 914
309 896
36 20
993 899
600 583
746 591
811 43
26 63
931 362
887 907
73 201
354 796
438 66
777 986
120 22
32 27
454 553
171 463
24 279
703 770
466 630
938 346
611 891
903 10
528 953
942 142
222 615
212 72
81 274
95 771
750 675
285 773
480 82
582 506
817 803
198 606
390 184
568 155
377 295
975 549
201 541
390 194
716 619
979 350
536 897
759 293
247 592
242 458
705 412
300 24
766 802
511 127
100 485
715 970
141 655
2 214
69 815
286 621
995 462
407 100
814 103
225 754
114 758
533 682
146 79
375 442
328 795
577 93
347 166
910 398
41 380
416 743
581 694
598 176
834 631
544 531
945 524
861 400
727 308
88 85
915 84
230 768
134 78
627 696
444 18
894 632
922 725
946 374
673 258
278 891
186 767
342 355
985 649
19 136
567 850
434 42
307 818
345 666
225 795
727 631
958 66
396 520
739 723
150 619
840 748
493 758
178 749
746 788
248 965
268 218
826 73
162 898
947 673
344 848
977 867
540 867
946 957
288 726
850 949
421 192
834 98
861 585
507 537
602 782
835 353
390 22
567 744
2 269
482 897
67 985
245 758
330 108
560 803
498 802
23 827
519 75
664 943
981 531
348 635
359 256
645 619
82 276
495 407
441 971
817 203
106 263
758 10
656 258
671 644
563 955
435 557
501 222
130 72
902 645
982 92
226 403
291 37
561 595
721 150
639 860
880 230
733 592
579 713
216 261
407 681
73 211
366 652
789 87
55 975
118 863
97 35
545 383
952 271
721 716
998 910
284 759
390 547
436 165
21 266
1 28
993 577
765 248
39 399
873 863
520 531
110 473
556 136
30 860
826 911
443 727
485 398
664 230
323 648
384 597
499 614
371 976
373 388
592 795
319 702
839 245
932 84
38 347
559 612
151 770
137 783
288 836
752 639
899 103
680 192
31 554
534 11
983 258
746 867
25 308
941 706
609 435
884 675
47 12
20 758
518 480
366 567
799 371
236 431
710 411
485 64
210 658
357 259
859 527
409 461
447 754
818 401
934 63
64 735
263 349
952 414
802 400
17 173
967 779
787 425
647 690
553 778
42 582
841 470
88 642
842 10
692 526
269 326
398 106
415 624
959 126
550 196
43 904
153 443
2 861
429 810
327 515
189 309
21 886
730 67
126 266
388 818
575 369
719 558
184 668
369 167
696 463
643 801
577 873
559 609
327 73
289 324
734 127
489 561
933 250
175 786
726 494
575 350
128 145
768 491
542 429
456 579
177 64
474 4
107 922
346 365
814 687
672 246
917 343
340 831
240 474
969 371
6 463
28 998
598 838
423 828
87 269
385 540
625 824
385 822
403 405
579 337
319 863
289 936
522 873
886 645
624 941
847 183
920 509
859 616
915 786
333 50
499 339
967 891
410 689
432 654
832 176
185 308
378 648
957 299
263 773
296 926
444 228
882 821
482 8
971 454
990 211
785 484
58 760
495 399
187 489
545 140
827 596
45 759
279 444
436 782
219 997
994 55
812 191
89 269
310 767
757 455
952 459
476 234
341 388
60 528
756 945
521 1000
418 993
831 96
454 769
125 913
765 71
963 42
56 110
357 751
851 868
936 724
375 456
741 716
58 351
4 671
669 129
107 499
6 431
6 889
623 728
297 996
415 725
676 894
648 617
982 572
921 429
181 59
284 19
557 659
986 745
695 610
158 232
148 980
519 246
291 170
186 81
631 416
976 653
396 12
116 463
667 580
95 467
260 958
455 83
843 566
733 169
63 596
207 800
439 564
254 741
429 362
224 707
752 101
856 360
180 187
132 754
989 933
623 342
428 77
344 474
856 21
508 729
985 570
480 495
642 449
105 493
957 353
567 840
619 521
63 549
571 979
584 712
699 105
48 309
965 230
856 830
564 921
349 727
672 102
857 638
293 613
266 278
898 959
496 830
601 462
133 894
138 804
344 218
190 111
978 434
177 467
645 448
502 705
362 740
353 759
434 133
641 112
527 144
837 389
508 382
777 787
274 873
9 543
500 199
493 512
389 747
621 460
49 976
687 357
249 847
519 733
755 467
270 544
50 107
614 314
777 88
28 601
222 399
799 3
821 777
49 714
89 17
956 343
618 182
238 174
84 866
680 913
581 322
707 823
289 222
92 566
233 659
714 390
545 656
917 384
57 118
937 367
719 284
251 182
890 953
684 763
234 811
140 882
422 960
121 636
70 979
391 442
251 161
298 652
947 564
794 887
177 815
646 735
749 556
445 201
80 299
960 276
899 739
924 384
168 230
551 520
512 904
961 860
422 776
421 427
661 546
119 567
62 44
304 89
484 576
192 86
620 346
875 178
646 210
152 92
761 636
214 18
103 726
199 975
252 809
826 370
53 764
603 712
878 869
446 549
829 362
940 151
157 807
413 243
109 448
431 373
523 33
197 290
163 213
604 96
300 684
970 609
788 576
519 771
707 938
481 11
518 128
162 707
325 818
197 794
751 21
626 755
60 167
533 737
76 332
622 465
734 945
412 120
131 919
627 119
76 554
528 916
121 363
122 691
667 562
260 692
404 160
160 231
358 132
590 605
362 324
29 481
778 487
121 960
176 625
710 828
33 606
276 15
804 290
803 734
247 185
737 883
428 138
714 416
456 377
447 689
301 398
90 9
264 96
473 191
389 869
345 363
769 638
356 908
265 639
518 396
273 341
709 86
88 427
455 926
770 238
289 322
845 264
861 840
848 906
715 960
529 725
363 651
230 10
41 204
639 104
834 701
474 879
895 101
942 539
416 234
236 403
707 154
706 138
189 158
794 174
271 720
956 839
621 316
807 506
779 821
285 887
576 298
24 231
424 273
615 186
45 810
470 448
702 376
733 206
642 379
655 275
975 937
861 524
534 838
108 493
585 994
237 922
360 530
12 949
296 257
635 583
653 753
304 68
913 260
68 154
118 544
893 939
760 690
270 900
239 466
189 693
724 496
54 649
825 205
814 240
918 254
59 220
273 852
786 776
389 855
992 176
999 924
957 548
741 68
574 287
431 303
90 712
795 417
432 14
868 292
951 361
106 774
541 15
728 597
180 508
586 288
82 430
461 183
512 72
435 238
693 508
295 686
300 815
575 924
363 159
944 150
461 992
549 875
107 696
99 635
198 552
295 231
512 580
937 450
668 597
5 680
451 661
343 109
753 545
943 194
439 502
229 139
530 165
879 925
539 961
25 310
769 548
556 901
60 796
418 476
219 563
249 650
200 272
806 998
602 872
492 481
84 961
461 476
860 496
599 834
295 705
867 895
35 255
210 593
29 981
617 245
243 604
608 717
429 910
477 473
752 650
917 356
322 657
398 608
605 25
86 364
126 631
312 821
357 90
577 379
394 238
574 670
734 863
465 528
152 110
635 276
17 552
91 160
10 749
824 911
828 375
428 282
616 644
537 216
776 517
81 412
893 248
48 54
131 675
540 508
754 682
889 921
431 370
758 87
66 599
12 154
881 523
48 901
180 920
278 905
314 424
784 850
397 123
360 165
858 961
499 159
988 400
798 776
8 320
837 336
779 837
561 568
27 101
314 148
836 835
222 335
981 51
929 240
842 711
621 699
787 529
875 763
132 9
251 903
446 666
353 955
734 64
793 313
980 93
699 959
199 805
922 954
464 989
394 363
996 899
896 745
541 538
383 912
67 61
392 600
191 327
41 1
881 920
353 941
971 835
619 582
181 445
881 835
898 720
467 85
995 9
577 854
890 502
373 276
810 540
156 251
373 344
974 377
774 477
611 5
144 782
361 810
62 644
932 745
173 74
542 45
503 167
79 275
122 355
69 305
136 934
199 6
335 341
935 763
260 79
495 144
859 279
622 514
955 26
859 916
88 4
720 500
88 934
842 647
435 82
104 759
956 770
507 643
637 366
277 152
786 805
421 767
461 790
737 879
34 183
309 972
731 582
211 176
847 909
27 538
782 323
54 708
16 9
317 401
287 515
832 615
402 240
900 905
740 595
683 96
844 747
882 466
798 767
631 955
474 894
658 748
795 70
62 770
355 116
128 145
277 307
535 1000
219 936
860 286
169 398
380 205
225 549
971 645
273 337
772 421
34 727
942 934
90 971
521 640
917 824
994 738
47 80
963 699
949 717
862 334
740 254
83 22
922 926
760 686
588 722
529 540
656 682
416 983
500 721
854 23
942 840
227 436
253 360
635 185
136 143
418 866
126 573
992 444
669 718
456 924
855 475
206 290
298 837
872 711
535 441
734 238
966 371
628 191
999 956
408 473
924 741
63 161
445 649
181 910
108 733
756 391
170 732
52 727
986 705
892 95
925 603
937 845
965 360
93 348
374 99
849 892
521 544
662 427
803 131
895 404
709 51
147 583
614 52
651 449
646 837
551 270
148 31
646 252
139 720
701 482
144 143
631 81
735 88
798 265
750 18
257 223
10 720
678 853
409 45
762 602
968 755
479 372
598 437
685 412
592 403
165 561
62 254
833 456
206 877
616 506
56 968
793 741
378 291
117 784
69 741
322 410
775 713
797 394
650 884
519 820
492 329
612 482
329 257
944 513
406 455
747 374
704 219
671 577
781 821
255 888
16 525
370 871
955 472
416 23
127 326
556 52
376 153
499 372
359 864
860 293
872 565
384 22
125 668
236 728
18 566
980 70
892 597
355 299
227 296
41 179
607 297
539 461
538 37
73 983
554 603
348 147
42 689
439 832
969 27
703 204
491 822
598 465
551 116
900 853
913 417
631 407
809 222
389 710
948 875
303 996
992 890
585 203
886 809
919 47
99 664
930 324
431 852
274 601
835 524
734 934
932 338
403 946
205 644
202 543
868 68
717 554
203 28
386 438
202 950
552 904
827 67
714 953
366 658
899 703
263 451
529 789
732 997
364 964
251 461
945 481
628 216
866 729
466 674
512 371
160 800
628 501
217 539
193 34
193 510
919 386
570 578
828 210
433 904
547 557
547 455
226 587
922 958
326 754
509 836
58 298
758 318
384 165
477 41
215 287
174 649
270 34
710 9
584 765
148 4
8 518
213 531
294 773
48 672
395 19
508 410
297 364
62 738
695 921
335 421
732 280
102 51
449 119
618 664
388 871
659 745
58 30
817 409
341 728
597 468
230 919
855 876
677 952
503 490
615 647
200 879
103 590
137 196
672 578
142 887
473 487
279 78
570 509
608 1
430 451
760 427
946 931
158 905
981 830
41 279
760 225
926 431
96 104
272 67
250 42
114 837
246 349
921 693
903 764
584 35
266 718
563 901
213 305
473 451
938 774
540 545
771 927
890 285
120 558
561 617
447 304
118 331
756 274
327 780
210 298
426 358
960 922
397 209
959 912
840 120
683 873
160 695
312 720
613 464
991 929
197 302
857 83
114 769
691 389
378 732
666 776
799 707
265 693
718 713
137 553
747 409
457 758
429 643
302 500
365 649
396 808
901 82
557 563
119 439
378 366
947 749
936 324
45 170
340 282
278 203
723 490
130 397
443 142
403 339
686 323
100 104
736 795
760 885
190 784
755 749
553 422
577 462
12 464
30 723
986 174
733 512
252 917
910 286
698 512
42 632
967 709
288 213
210 571
693 142
114 555
471 458
129 84
107 545
141 412
760 926
179 707
804 672
212 650
453 162
917 436
834 714
138 339
779 15
267 359
454 791
17 539
324 447
354 192
211 868
59 78
997 994
998 528
505 219
421 503
344 466
205 794
403 441
214 821
940 367
690 695
394 734
76 632
888 716
419 899
928 808
831 536
180 960
700 293
989 729
949 686
616 758
842 475
670 476
4 457
586 14
672 428
929 148
259 891
957 153
925 364
826 13
241 17
501 280
948 507
473 209
660 335
283 718
979 446
153 148
340 945
983 586
813 412
74 409
789 531
233 462
344 131
377 331
401 754
63 994
511 217
3 940
907 280
811 378
409 523
973 362
541 444
146 299
888 890
679 164
683 232
174 538
787 984
349 649
141 66
492 494
868 783
997 170
833 515
111 425
331 995
315 684
487 43
3 259
241 571
423 335
212 67
451 559
310 20
342 289
856 273
323 596
836 574
397 419
376 495
79 364
122 533
962 490
84 989
698 920
466 553
587 504
441 107
415 891
306 414
324 377
192 87
308 931
175 573
285 943
957 69
58 587
493 49
297 126
489 994
359 628
488 403
513 64
689 744
636 487
111 887
559 706
357 685
951 252
284 540
803 965
794 780
610 142
869 304
234 902
657 394
330 309
878 73
146 375
69 906
665 651
700 701
911 644
513 866
901 967
435 548
697 214
127 100
510 125
778 601
588 403
258 758
636 316
146 756
262 532
949 146
502 342
690 202
612 758
145 431
324 300
310 444
774 690
987 198
982 287
691 20
470 949
60 581
283 280
444 259
238 137
720 943
595 106
105 742
191 586
768 802
837 130
530 924
210 361
127 632
698 270
416 257
594 596
320 984
496 563
261 631
512 524
567 474
376 373
608 288
774 702
379 101
969 459
290 228
477 395
627 429
850 528
475 249
271 904
86 85
412 35
333 998
125 302
697 610
726 160
271 816
323 651
541 144
302 101
492 373
415 535
54 538
7 174
489 779
341 400
125 630
453 993
963 338
950 743
39 847
739 907
39 614
396 481
68 905
30 65
680 222
928 959
768 305
23 903
493 408
316 886
302 595
957 85
632 867
922 463
616 681
728 637
32 50
851 208
568 290
631 639
271 648
520 113
923 305
435 837
693 7
237 128
200 578
706 615
227 879
112 741
941 233
685 960
777 37
447 351
370 899
499 70
89 370
295 414
388 506
460 910
401 296
974 399
964 645
238 166
45 752
890 131
549 318
355 906
907 263
471 703
130 258
776 656
365 884
653 549
598 573
832 411
874 235
768 474
225 787
535 284
717 869
223 919
234 448
160 860
765 494
813 256
759 57
520 347
740 230
363 408
6 329
201 820
472 865
923 331
408 925
263 327
356 463
911 898
113 64
510 326
264 44
960 506
194 447
538 680
725 65
255 149
327 830
197 665
730 537
344 752
729 906
605 776
178 773
585 596
28 997
27 623
27 72
232 221
162 205
854 847
241 284
531 438
63 989
670 130
593 147
765 186
659 970
889 231
806 887
479 276
379 311
249 265
319 979
13 601
112 106
404 624
615 95
453 905
742 717
914 982
876 672
988 889
159 126
963 179
505 437
888 940
285 231
463 578
44 244
55 885
819 550
644 906
816 555
351 918
149 550
443 646
36 95
179 85
284 468
587 462
946 600
477 858
963 372
941 779
977 427
174 818
316 402
174 247
220 495
687 119
860 720
984 130
240 248
340 733
43 327
273 270
674 863
204 271
349 582
98 204
71 864
18 576
891 916
882 245
306 291
223 882
938 924
945 562
225 508
534 299
539 956
213 684
944 491
166 155
170 869
872 309
685 436
603 375
623 814
800 693
34 632
86 785
8 482
254 726
671 26
424 981
61 5
815 904
349 363
987 989
946 170
110 134
820 102
242 166
385 512
480 966
701 516
700 442
485 944
751 221
665 802
508 948
760 353
240 482
424 367
660 759
918 348
948 374
347 134
381 639
768 281
619 26
779 258
88 206
738 488
492 537
631 612
113 408
509 272
790 89
43 703
7 183
886 196
131 78
83 581
230 216
925 161
663 23
612 711
412 396
231 289
517 48
243 313
935 537
972 963
290 518
19 884
221 182
441 969
689 646
948 570
899 826
799 48
45 391
950 277
823 606
147 379
546 483
970 768
198 246
68 89
477 681
346 733
255 252
432 779
335 902
37 5
566 133
55 71
110 752
724 435
145 626
230 791
52 153
231 690
30 952
742 474
69 610
352 850
964 785
194 506
997 950
86 871
469 537
685 749
184 546
732 442
499 57
481 412
185 28
616 102
319 807
497 103
772 689
308 915
267 748
392 887
588 317
472 463
986 941
400 66
813 871
182 632
835 931
924 363
314 962
53 268
626 699
94 655
969 190
591 153
918 543
178 889
162 420
515 85
788 986
240 167
988 406
156 888
706 784
374 690
24 860
183 836
501 20
12 506
491 736
289 100
500 608
263 104
832 723
102 658
378 817
735 122
149 486
675 631
496 655
136 603
345 50
982 463
169 897
596 961
924 840
57 602
197 584
312 125
87 114
602 341
630 543
434 934
255 264
638 367
422 858
74 470
295 212
601 116
615 964
142 947
299 830
799 285
25 382
852 399
166 65
719 678
479 551
684 296
644 548
578 375
298 367
539 657
336 378
137 75
493 819
505 160
328 458
452 852
63 652
131 374
524 703
332 685
925 424
83 66
939 498
210 15
6 735
211 158
382 235
485 933
453 567
798 152
475 828
968 552
994 8
423 891
67 974
729 995
872 785
255 795
676 161
116 192
24 946
955 124
328 520
790 57
813 816
924 940
884 395
98 944
863 340
22 948
146 476
71 247
984 227
385 196
375 402
56 353
666 255
267 708
518 929
299 895
655 909
44 467
683 968
307 900
15 270
784 12
865 162
462 930
829 78
377 212
772 278
895 26
75 656
826 685
512 438
133 440
961 928
341 606
216 547
930 300
394 391
286 472
472 104
341 307
736 170
926 875
516 890
441 747
994 643
873 295
86 679
588 995
245 687
792 387
739 412
712 409
776 102
664 882
503 493
325 722
935 71
520 985
541 1
373 437
1 913
439 402
464 171
135 176
386 275
860 309
797 499
269 962
2 701
309 489
406 875
974 527
955 852
905 967
928 722
780 720
735 202
45 871
86 20
350 376
96 980
338 25
308 863
928 79
814 58
405 470
613 448
646 923
693 554
615 708
509 284
157 370
436 214
3 957
840 216
987 65
919 593
970 121
713 682
817 353
718 478
394 159
236 229
720 421
339 257
906 488
797 808
873 405
712 156
648 845
366 336
667 494
231 948
595 876
669 714
82 991
584 305
969 359
371 890
602 773
455 705
131 820
54 998
472 920
699 205
572 182
216 611
193 524
8 539
774 962
742 144
896 745
654 851
925 27
98 454
181 884
431 218
129 607
226 678
137 555
901 578
928 472
695 627
235 493
58 671
626 284
486 971
686 144
926 163
468 285
642 299
984 361
493 547
765 913
704 560
924 31
422 688
588 987
17 86
641 120
21 848
528 369
436 85
441 563
306 562
438 716
513 455
644 196
160 718
159 803
631 475
602 307
663 690
751 624
919 45
132 365
602 846
343 745
807 492
868 386
993 801
860 832
137 771
968 389
624 257
222 196
833 609
507 496
390 775
874 206
818 448
372 37
871 408
800 28
801 553
773 846
555 206
854 306
152 287
173 253
69 125
427 244
349 496
918 180
204 566
133 21
808 591
360 719
733 551
811 603
65 516
140 181
624 769
491 737
184 554
882 179
350 89
197 491
203 329
524 793
538 496
334 518
275 890
273 75
157 491
847 477
695 749
594 250
664 292
940 653
535 854
56 104
853 887
517 178
99 651
652 543
886 429
704 840
978 648
462 314
245 716
173 123
539 436
631 146
507 5
320 815
495 513
367 971
793 989
163 240
957 592
503 716
882 501
793 755
965 754
616 419
95 450
540 636
589 952
458 583
513 182
848 837
799 980
126 108
523 604
398 774
681 934
453 914
684 352
946 31
427 752
902 990
10 653
493 880
125 258
620 512
946 293
459 802
167 591
518 851
457 212
46 803
855 582
517 745
590 821
458 597
310 2
825 636
517 788
831 575
107 899
837 501
598 850
882 483
999 802
134 81
540 29
652 279
47 24
352 663
423 789
722 772
5 520
529 276
50 824
683 138
407 72
467 127
397 335
101 50
911 421
743 757
156 703
320 850
273 404
789 670
679 336
617 341
120 673
637 142
104 161
360 448
186 100
513 45
800 195
659 134
503 143
216 152
450 225
945 93
765 450
533 309
845 582
816 783
479 719
573 11
775 775
40 10
282 886
917 456
165 149
357 528
823 249
602 544
164 484
912 743
972 777
695 205
315 79
478 202
586 264
707 737
223 74
848 558
216 757
728 638
382 422
250 718
135 907
588 831
412 176
629 232
788 354
260 757
544 186
324 934
698 501
580 955
440 969
242 222
29 90
633 881
937 438
187 587
615 405
504 685
600 965
62 921
95 37
923 677
52 697
330 476
517 813
75 374
786 878
398 826
439 685
264 553
456 661
39 476
496 383
619 552
738 251
670 329
219 34
717 989
728 674
263 251
428 866
782 484
453 719
587 120
848 926
359 100
553 754
935 659
384 136
543 730
432 169
931 208
170 673
618 262
290 686
380 611
336 282
629 84
929 612
266 554
175 316
828 980
518 654
563 103
640 9
60 826
356 897
118 167
707 633
937 143
523 269
496 837
287 966
257 822
70 951
987 967
251 249
223 728
934 266
330 400
73 538
361 689
781 41
758 813
805 483
467 57
43 462
684 672
851 246
642 819
565 631
21 664
662 467
737 193
217 995
972 607
473 75
279 782
43 482
940 378
122 911
335 738
371 811
39 716
274 802
471 346
932 747
736 108
671 835
738 998
151 524
946 475
546 92
286 113
614 835
471 559
529 957
846 236
249 58
682 338
254 666
769 380
293 204
685 691
526 568
697 847
816 964
36 916
747 485
261 467
262 222
952 978
114 549
943 911
631 988
989 761
237 757
503 47
62 570
516 270
155 772
30 756
892 466
281 2
747 429
724 474
587 729
542 422
717 199
211 129
691 352
663 673
353 348
514 949
561 453
364 91
470 669
259 750
659 383
442 38
132 293
372 544
789 718
890 368
554 74
410 644
511 640
129 459
945 599
817 301
868 196
622 333
599 837
613 236
229 875
143 720
773 261
5 629
900 514
900 458
129 159
939 447
2 611
602 126
573 254
301 328
201 881
9 633
118 970
895 327
778 766
959 902
918 173
598 992
552 952
35 795
626 862
302 611
139 992
555 682
245 713
262 333
607 90
734 25
51 885
615 285
850 688
26 442
335 452
536 745
674 831
784 643
910 175
485 983
500 248
19 759
721 727
635 700
430 144
261 4
942 285
389 849
286 240
969 283
240 644
74 8
96 758
122 427
131 977
37 27
724 347
283 454
673 634
532 54
918 331
381 458
712 924
546 368
60 224
508 138
529 715
645 214
411 239
586 34
586 734
457 216
819 528
890 22
989 192
171 866
78 210
838 740
799 512
214 740
446 14
546 341
618 914
553 106
116 120
967 513
788 796
879 565
857 697
177 880
309 978
709 152
825 79
473 129
325 578
536 636
314 651
316 694
67 681
741 204
465 145
82 606
999 404
79 938
742 332
504 442
186 223
413 8
364 736
614 297
160 2
689 40
370 214
305 621
957 271
98 413
388 868
771 451
165 382
242 975
746 346
486 983
922 513
257 539
736 950
844 381
858 88
96 16
684 753
26 777
46 830
383 340
572 576
665 416
212 905
960 629
205 691
300 4
734 782
553 928
581 225
308 676
649 187
750 405
90 586
783 746
543 852
765 209
608 756
116 259
982 343
696 627
520 287
609 635
359 623
22 439
139 337
638 942
55 309
354 127
91 234
135 272
409 490
515 557
850 937
573 438
66 342
322 313
225 22
102 235
211 212
560 577
715 797
793 332
739 348
717 644
719 489
667 28
283 480
618 926
553 383
972 336
272 743
120 40
385 55
258 324
156 845
702 229
211 87
917 693
117 785
55 198
606 111
218 381
20 678
161 943
37 790
737 498
855 434
8 239
201 51
582 583
272 938
625 756
596 957
19 801
285 452
527 644
984 900
956 627
694 827
177 309
918 197
386 931
521 959
314 118
935 410
834 922
393 26
144 132
207 128
595 128
555 836
862 847
685 855
3 222
824 488
34 738
484 541
394 803
189 749
7 198
453 732
565 880
494 534
252 879
674 591
396 771
991 779
267 982
69 713
573 551
913 413
43 253
15 799
559 210
531 54
694 78
913 888
583 454
71 470
44 292
999 540
967 825
337 239
519 537
864 482
834 230
915 402
157 495
927 449
937 177
364 8
392 134
845 24
722 806
68 962
329 516
781 205
875 779
249 297
105 544
934 906
283 729
997 679
735 806
237 939
610 423
254 404
293 823
376 482
371 23
341 26
251 702
148 20
945 48
207 617
154 116
367 697
904 522
775 284
242 684
255 455
143 829
986 82
692 144
698 111
877 658
266 797
897 82
363 687
561 744
531 287
897 140
460 838
8 936
81 912
85 865
894 451
435 201
24 537
294 873
835 263
446 654
667 997
227 969
524 878
594 139
598 210
279 816
499 283
91 300
963 612
313 163
435 585
635 813
817 154
210 402
411 26
470 651
816 1000
611 914
22 771
708 970
926 947
580 657
678 254
515 332
453 784
613 940
684 551
154 97
27 134
961 364
114 455
438 449
201 999
286 85
385 45
825 596
557 410
255 254
947 176
589 682
728 716
314 868
819 246
190 875
768 331
939 238
1000 880
558 81
990 609
207 658
205 115
654 377
441 95
937 671
932 512
956 694
482 584
920 697
382 605
967 205
598 186
711 281
957 363
597 434
640 800
660 426
907 366
934 530
748 922
129 893
783 928
510 639
628 611
38 421
679 998
198 71
63 562
485 596
401 705
580 396
749 122
877 652
745 686
654 270
396 395
208 839
254 590
635 181
991 982
989 880
917 63
691 847
921 373
342 527
188 209
554 712
902 784
195 985
344 2
601 669
219 905
494 581
696 707
44 984
145 161
428 992
600 713
437 607
382 953
306 34
398 149
592 893
132 346
358 311
856 908
813 567
32 429
946 431
757 383
705 337
348 268
956 687
831 60
757 118
333 223
272 854
784 835
557 307
453 720
53 368
570 34
122 893
635 599
628 318
989 66
73 223
606 311
45 204
84 952
762 77
950 991
777 34
624 244
802 787
331 706
73 436
604 749
849 807
972 631
85 642
704 868
165 554
841 882
574 96
590 44
285 571
785 881
533 166
104 928
471 324
445 991
617 337
376 925
642 163
275 861
429 185
350 940
20 938
492 692
295 994
485 890
717 152
910 476
355 387
398 871
731 374
155 312
294 209
204 866
636 443
688 280
947 741
207 171
703 376
142 110
673 538
201 616
707 69
845 641
771 448
356 97
542 786
340 365
583 500
170 220
992 590
339 465
872 413
387 649
533 99
129 552
740 216
539 783
927 192
790 897
414 573
353 61
353 103
26 358
141 200
721 762
661 244
36 344
3 385
298 502
87 964
236 90
7 525
361 991
840 395
697 881
556 835
900 29
404 797
524 459
32 615
440 613
84 438
571 269
853 618
484 826
269 290
231 451
323 808
364 807
167 406
966 588
412 617
39 463
959 36
522 419
423 824
905 557
261 899
720 640
38 151
322 988
238 93
562 413
711 953
845 305
651 184
446 897
535 847
945 331
304 381
228 576
426 524
827 418
447 284
940 512
117 33
250 557
875 13
893 406
836 393
698 755
829 849
199 271
188 997
858 339
754 855
298 688
27 650
286 756
690 943
133 63
522 158
310 142
155 155
873 983
770 871
116 238
724 449
507 831
508 620
850 694
875 643
605 332
847 986
890 98
528 390
957 819
326 736
604 780
543 318
828 280
456 675
660 34
153 497
632 49
502 275
593 571
28 623
699 739
457 860
847 245
54 65
746 197
9 982
374 786
758 463
71 320
783 406
953 926
492 360
984 981
356 907
823 187
364 837
117 727
759 377
733 197
855 102
286 964
458 729
618 511
617 708
130 785
742 207
218 436
68 406
257 107
427 163
412 958
987 789
612 534
369 488
421 762
72 799
879 242
202 280
10 202
352 407
214 633
502 70
281 818
537 396
61 490
413 843
993 804
867 606
150 681
8 690
149 180
108 916
743 37
177 91
749 684
58 536
513 17
638 996
261 601
813 552
987 316
186 219
332 148
690 415
381 880
804 253
222 963
617 835
309 478
422 91
867 981
319 765
669 441
63 296
646 281
829 725
306 887
561 180
798 616
168 203
703 427
292 531
777 358
815 174
993 45
457 823
532 621
976 232
304 993
168 362
756 90
780 760
44 628
155 389
288 870
574 183
430 506
649 420
548 350
175 708
122 106
371 839
440 867
429 465
724 416
682 594
743 763
184 363
672 82
831 54
832 311
899 733
392 116
690 894
872 427
425 142
546 613
196 3
423 489
333 686
984 39
277 9
591 542
745 469
110 379
558 232
296 75
928 157
567 450
408 939
382 45
852 107
792 941
835 28
609 221
369 281
284 846
728 862
348 633
800 943
494 837
176 754
607 497
773 453
450 516
434 155
845 931
233 395
605 748
137 401
494 840
473 329
111 405
755 26
966 517
101 40
176 57
468 228
524 491
729 783
985 210
505 380
556 551
368 798
175 648
53 619
638 554
140 607
635 172
952 379
157 874
495 480
957 63
859 879
177 631
421 2
28 12
837 304
949 335
383 965
447 305
944 328
433 843
122 282
703 955
317 883
769 655
86 143
619 231
644 169
757 534
264 127
955 825
213 158
519 756
361 239
509 809
810 882
872 458
660 986
147 681
722 42
715 318
4 606
395 289
296 949
288 784
627 869
590 371
361 719
362 718
940 660
738 295
594 17
545 584
90 511
552 399
984 671
737 517
631 372
965 620
158 536
162 469
206 868
205 256
419 74
870 396
785 197
652 90
576 244
342 677
467 578
644 277
22 130
181 949
375 873
994 193
519 100
299 412
488 692
288 209
624 623
803 240
583 745
524 339
982 851
285 697
640 602
136 603
933 91
221 742
205 702
592 328
2 352
987 942
913 838
776 77
395 78
521 128
510 128
75 74
905 974
928 572
713 160
724 17
221 538
867 599
344 146
89 769
944 85
650 355
251 961
587 62
786 160
216 981
840 331
240 679
852 525
957 502
348 290
553 46
493 232
726 890
737 421
28 308
785 97
936 219
523 949
90 250
29 204
608 455
795 801
634 425
501 497
126 886
932 658
213 571
70 781
469 253
192 440
632 928
372 38
701 838
548 315
870 314
229 323
322 406
391 914
395 938
868 658
18 933
407 392
513 592
839 567
602 601
236 274
879 662
962 100
26 716
627 34
957 582
130 403
44 729
205 671
802 728
914 854
49 747
510 82
478 229
169 288
996 278
654 155
424 966
218 250
429 164
627 242
369 734
883 950
295 58
532 71
423 124
7 479
3 776
696 410
115 722
764 183
587 668
557 315
675 112
909 536
423 695
898 772
336 34
49 476
196 991
998 506
201 877
618 468
728 131
750 592
575 663
271 805
911 123
546 75
184 28
746 550
425 557
120 615
236 937
595 803
161 633
944 64
370 93
163 838
136 966
175 930
300 531
442 17
800 498
13 754
791 226
82 733
145 38
158 227
500 948
362 837
744 359
276 994
305 227
164 379
275 167
804 730
873 159
974 995
222 386
837 65
248 873
141 995
665 858
508 457
704 459
829 258
791 211
154 239
902 854
850 198
721 823
188 919
166 267
203 691
977 883
458 415
755 490
322 635
360 776
849 847
408 750
421 56
520 571
530 440
970 671
256 244
186 62
440 890
427 159
800 138
161 821
341 908
32 949
433 954
741 521
190 640
620 685
666 305
978 488
843 860
299 30
428 943
447 747
928 730
192 26
686 143
471 999
438 272
943 242
388 570
618 557
26 697
100 15
267 84
509 515
861 995
898 562
214 102
878 480
811 383
373 182
116 362
969 491
492 236
873 480
40 410
398 620
646 652
520 614
800 554
593 241
73 501
991 93
175 537
384 59
273 561
938 289
987 228
785 103
808 151
116 433
120 483
553 646
362 224
768 704
787 186
6 461
759 731
251 797
975 377
310 861
220 833
999 668
371 716
877 148
410 65
721 915
993 36
691 610
509 366
484 398
849 996
660 469
990 428
28 203
221 829
222 926
418 766
652 687
747 650
271 138
112 491
417 167
974 701
716 458
679 956
220 391
21 80
995 299
327 800
196 959
858 109
362 102
819 553
441 137
468 95
893 625
757 564
914 13
477 582
132 100
25 36
281 37
509 775
819 949
889 984
305 601
309 282
33 668
704 80
663 164
61 730
433 360
975 116
606 164
327 400
276 489
419 110
649 38
625 800
540 996
53 275
893 480
567 955
66 178
376 933
756 30
158 779
714 136
655 212
636 686
755 418
546 777
828 72
293 451
858 116
862 911
218 897
639 142
335 280
735 918
628 88
914 352
569 707
855 713
172 771
59 761
633 677
247 387
405 748
94 452
336 529
858 208
809 307
279 177
422 721
303 449
44 751
311 634
276 897
114 819
999 177
453 462
243 63
675 480
398 426
986 105
594 626
430 133
506 47
692 834
812 287
402 531
999 524
269 732
599 669
810 454
95 743
305 677
502 474
31 953
542 552
515 594
577 836
780 671
548 200
976 713
360 297
32 427
126 935
394 621
571 727
559 354
909 707
319 486
741 654
345 668
133 504
744 686
100 833
10 78
431 931
978 533
99 152
257 907
312 206
440 398
328 552
881 758
984 240
951 248
926 353
947 297
420 586
185 38
620 135
754 42
909 874
226 904
700 259
437 473
6 491
910 279
181 935
824 875
585 203
569 285
665 173
532 178
515 796
565 658
536 809
778 59
523 124
464 16
476 106
68 598
143 869
756 600
314 213
805 417
768 622
293 195
975 26
627 453
713 64
294 978
353 996
380 824
612 402
117 950
146 493
478 794
220 349
146 281
321 33
838 832
844 448
155 771
280 294
594 700
175 941
67 710
519 82
223 770
230 890
895 138
71 765
60 540
221 866
928 666
968 355
468 72
686 561
940 853
411 283
856 69
244 748
188 989
817 835
339 369
761 934
887 900
250 41
804 286
921 284
238 682
127 683
143 824
885 306
878 472
537 768
741 609
361 195
481 73
743 29
519 293
78 574
469 907
628 825
535 286
121 395
820 610
847 834
608 281
362 418
418 710
305 606
569 407
686 621
754 32
898 986
229 950
845 8
394 184
485 94
910 693
644 456
706 386
583 399
437 603
292 562
457 533
700 964
564 57
706 895
960 131
290 105
692 787
749 670
700 179
44 671
183 235
339 578
376 530
896 586
808 454
108 864
105 566
882 554
782 885
861 747
569 449
103 99
501 453
967 80
109 620
402 924
676 608
309 642
223 450
290 844
495 234
266 614
692 249
186 400
807 420
688 832
734 420
392 222
846 100
770 524
787 195
62 766
76 243
451 614
925 905
908 468
340 614
781 260
760 677
516 71
895 998
211 38
824 898
621 508
984 384
383 684
888 408
937 188
366 542
685 1000
75 776
767 530
14 467
389 712
71 764
25 446
62 155
709 878
421 556
127 837
771 929
589 400
11 114
578 958
900 943
186 624
714 831
826 182
789 938
155 44
296 612
433 717
461 162
23 327
559 490
422 864
895 862
429 974
972 826
178 693
861 87
154 308
632 422
382 353
769 137
863 255
627 374
403 389
538 565
248 521
252 76
193 325
877 817
735 640
34 408
337 248
729 886
119 38
303 789
675 818
657 448
625 42
936 90
472 973
878 642
505 293
734 650
696 500
67 160
594 21
447 76
62 95
888 755
790 494
182 60
352 594
455 225
271 260
78 688
584 830
594 642
938 634
379 595
437 446
651 228
886 974
906 702
2 714
250 544
978 746
172 410
165 80
299 322
196 461
591 215
90 630
933 317
714 1000
621 720
718 834
179 629
749 746
555 973
676 434
95 139
976 564
627 208
811 916
387 564
46 357
995 536
750 55
206 690
26 240
35 649
555 576
269 706
340 281
290 2
781 590
767 165
107 179
650 406
90 822
216 583
261 125
24 940
429 632
791 987
89 896
181 894
605 664
600 541
614 451
919 949
188 135
978 982
481 448
257 76
745 831
954 907
771 100
327 297
167 434
199 702
144 443
835 855
396 171
220 716
777 289
235 166
106 491
737 453
234 458
448 409
625 518
761 640
829 11
840 599
179 76
237 532
686 278
453 515
631 945
8 784
61 290
476 821
919 468
418 180
992 921
207 183
521 236
470 85
414 584
411 496
786 254
315 981
772 499
11 980
422 144
678 569
723 110
635 201
186 650
230 729
936 549
430 364
330 719
439 283
59 173
337 682
715 905
672 217
713 361
397 8
986 474
5 862
43 334
617 252
339 627
678 173
508 143
765 201
124 409
862 314
791 362
664 46
871 347
148 983
310 48
715 176
715 950
133 961
92 473
308 732
451 377
168 624
172 38
540 902
614 898
833 690
192 589
890 524
261 679
647 456
691 441
54 715
641 669
38 896
199 735
814 58
2 884
870 626
952 891
68 186
688 16
442 963
102 296
189 476
70 770
673 85
239 579
180 443
971 733
760 204
715 489
917 997
111 210
623 226
823 892
875 735
572 909
447 884
154 83
259 78
658 342
563 516
595 967
846 830
785 328
940 389
17 798
155 439
843 661
26 746
857 91
170 43
431 800
370 479
700 940
939 929
952 890
483 437
190 731
21 165
804 718
48 227
504 654
743 622
598 693
281 704
79 464
146 495
844 458
634 274
419 93
820 447
129 222
434 274
481 233
351 928
156 174
157 229
833 210
880 443
951 1000
723 893
609 985
441 827
489 194
959 998
248 157
944 702
932 459
785 417
411 993
470 879
144 48
404 876
988 313
216 614
118 360
984 608
286 488
681 663
990 864
897 650
146 445
334 583
282 264
198 763
21 457
992 202
944 236
291 921
904 507
614 503
260 324
760 579
511 269
937 442
612 941
368 968
98 964
462 169
506 613
938 712
535 3
679 200
606 947
852 81
78 729
386 598
105 525
651 108
171 550
960 565
723 367
588 422
111 882
712 358
341 795
870 632
272 934
578 762
120 932
21 351
565 609
60 202
92 137
249 165
715 717
24 712
634 704
909 989
450 528
756 396
395 873
689 163
809 251
881 896
886 23
32 922
606 477
148 45
534 419
586 524
78 849
80 219
297 288
211 381
939 692
946 956
915 991
386 912
209 113
532 266
873 597
716 257
304 589
74 205
382 400
454 393
989 723
528 774
74 534
742 46
121 96
82 758
93 606
91 224
97 608
691 120
296 804
968 557
484 824
551 346
533 426
14 254
968 506
984 953
426 98
351 936
637 852
180 714
227 717
763 484
352 289
430 825
477 647
286 526
993 830
665 558
219 384
488 858
254 830
48 683
532 788
948 738
78 303
473 552
786 100
658 737
647 98
109 103
837 131
533 604
240 111
257 512
615 474
469 388
416 487
768 13
670 885
278 877
365 185
407 887
117 379
400 610
909 909
464 96
50 882
869 431
121 404
152 231
537 745
614 69
277 198
408 879
760 516
686 281
905 698
648 688
506 955
445 158
91 826
751 765
588 763
518 454
323 836
84 628
443 716
409 325
686 378
913 265
435 353
578 614
131 899
538 43
577 307
849 708
937 808
906 957
635 255
608 91
23 999
543 503
658 523
944 620
978 603
977 115
127 613
732 276
35 379
407 160
667 460
964 557
678 47
618 106
477 308
563 724
492 110
927 240
225 847
906 385
586 146
745 188
515 591
755 170
328 586
565 135
448 213
510 273
875 895
717 66
117 797
639 242
955 384
926 574
285 911
510 21
125 206
42 597
384 591
550 706
50 896
238 647
303 982
39 160
39 401
324 278
121 527
693 804
195 661
603 667
625 251
878 737
76 144
210 879
621 302
159 722
963 918
633 33
953 423
168 489
779 772
704 534
538 692
643 540
21 246
773 261
971 179
425 635
639 550
507 615
363 882
917 403
152 884
173 446
829 273
647 38
422 376
871 514
983 259
778 312
729 602
238 453
155 856
399 163
37 106
171 816
546 342
528 61
428 488
500 923
700 347
990 85
89 582
291 786
16 276
451 489
942 121
709 995
419 753
184 203
287 259
660 73
585 231
760 351
925 356
701 163
45 237
379 647
692 613
875 733
375 32
612 175
5 659
650 454
176 815
924 137
660 618
341 865
464 415
749 594
499 271
312 677
681 848
760 244
630 157
519 396
362 198
279 210
589 465
205 56
948 905
667 319
221 414
869 257
648 301
391 151
567 714
621 864
599 627
979 595
95 598
334 935
761 686
67 937
319 714
270 911
199 591
757 907
58 879
814 505
937 609
22 348
801 323
828 245
201 102
646 462
73 945
114 326
461 25
191 206
682 47
885 180
497 57
906 261
746 638
191 377
306 372
739 17
664 205
886 692
292 578
272 571
265 205
634 737
989 981
933 63
119 494
611 447
352 264
355 943
421 10
536 832
140 397
236 728
108 853
425 965
786 670
664 387
474 11
350 919
819 173
172 597
93 785
686 647
151 251
246 855
244 475
529 184
926 573
578 319
647 229
62 175
539 74
232 646
218 458
238 442
524 526
852 632
397 344
103 70
916 602
252 31
863 209
602 863
865 98
126 296
815 452
862 556
511 30
215 51
41 34
186 832
90 978
285 423
311 754
767 890
848 678
950 845
485 85
404 886
261 950
606 505
868 570
103 458
604 787
453 44
48 459
299 666
677 312
79 804
138 527
796 636
18 918
674 106
343 598
493 157
57 417
812 458
159 560
282 354
597 976
618 103
831 846
895 175
317 857
978 37
439 871
64 724
907 842
898 125
156 244
950 235
141 633
366 941
527 93
344 836
672 470
678 373
773 466
279 177
680 484
22 427
333 387
353 154
402 211
157 952
973 144
767 498
275 976
262 241
69 769
448 847
421 219
506 38
515 591
436 142
617 377
851 710
197 673
433 581
264 168
354 905
26 113
457 440
856 670
787 845
441 581
969 453
542 490
500 786
256 118
332 360
614 264
938 430
430 420
54 247
196 97
923 505
946 664
674 446
927 713
597 50
786 520
501 604
440 320
429 41
917 638
617 308
32 186
353 562
225 81
882 46
7 463
663 312
13 467
828 20
238 187
411 584
809 434
315 605
862 599
126 426
745 903
689 749
174 262
233 124
494 970
332 923
913 273
742 86
605 892
541 18
341 483
551 679
469 403
435 344
493 990
21 838
477 898
862 866
216 620
315 98
476 398
500 14
305 615
624 91
119 234
351 647
269 234
168 606
983 668
565 669
664 469
148 445
873 462
966 194
976 237
165 205
900 534
234 38
447 121
605 94
446 950
313 540
926 222
246 303
359 628
393 171
573 789
601 615
252 435
747 390
676 96
185 205
821 545
526 69
245 200
349 600
263 423
163 378
855 706
601 512
628 148
55 172
364 317
310 220
654 282
164 231
948 797
141 521
480 991
656 833
544 339
48 849
277 269
84 262
8 19
418 946
614 251
903 806
286 429
569 635
680 930
929 842
65 181
563 618
980 592
816 643
531 339
566 585
982 961
782 883
211 347
407 52
862 657
737 562
763 813
204 437
186 235
666 242
706 703
418 465
146 533
414 699
332 310
528 520
362 201
104 48
229 113
417 16
476 246
341 816
858 470
942 10
820 981
215 797
425 59
898 996
594 925
75 553
715 374
924 637
427 624
882 684
705 589
129 292
351 595
180 63
276 944
39 938
484 345
936 997
179 561
635 651
195 809
405 876
89 731
347 658
742 251
165 608
685 592
749 306
872 207
700 921
128 89
887 309
109 734
565 448
106 530
21 840
381 383
925 461
502 427
686 37
133 572
983 220
89 713
158 984
447 978
566 124
935 843
174 178
413 717
358 879
982 597
816 242
305 545
676 989
177 752
195 199
912 466
513 576
782 624
765 223
42 805
891 993
321 149
956 643
373 789
20 369
687 11
380 504
679 351
608 953
211 306
964 607
487 813
219 548
732 78
345 958
348 439
233 736
389 31
585 998
988 606
701 656
43 723
369 315
6 87
659 276
107 303
912 695
985 118
478 663
82 602
969 559
379 632
906 448
811 826
549 812
282 56
770 522
285 69
575 27
511 899
212 461
778 433
22 861
558 44
648 802
617 500
79 200
640 761
901 579
436 645
864 852
305 652
812 945
747 161
318 567
978 930
634 363
775 1000
416 314
383 255
538 734
760 693
946 490
658 897
658 927
288 681
683 928
894 369
625 482
174 888
287 529
446 717
975 263
291 82
741 926
964 272
405 40
344 876
674 541
986 808
600 181
262 436
220 814
148 343
691 48
253 753
768 543
515 955
266 257
926 841
13 609
988 614
256 499
376 521
967 505
503 191
369 613
895 424
293 792
417 407
240 442
8 36
114 746
738 804
987 97
919 444
616 11
240 425
10 702
201 948
825 733
274 132
52 919
130 773
12 108
613 551
954 583
409 794
278 474
531 121
602 583
687 908
926 515
759 546
341 360
339 22
616 315
690 186
721 610
320 385
395 282
905 234
960 976
62 162
275 335
261 384
255 474
749 23
759 242
74 512
368 306
253 150
540 609
400 598
592 855
457 710
216 804
717 301
370 550
447 356
720 905
89 540
74 579
570 431
459 816
272 19
427 260
744 285
629 944
844 242
937 639
172 740
157 432
32 298
208 46
221 601
831 31
966 458
867 594
485 780
202 365
466 692
766 294
19 225
515 152
485 221
404 368
274 81
425 128
91 696
18 99
447 968
119 530
101 708
194 103
471 29
533 217
256 617
689 831
231 548
894 32
508 799
162 34
442 583
364 122
621 664
792 459
527 537
232 722
494 249
296 42
911 450
58 739
569 277
108 185
867 606
63 194
192 169
825 751
533 173
613 383
447 761
434 1000
338 468
113 663
632 737
395 930
366 163
987 269
822 77
223 786
360 366
148 140
306 450
922 517
738 92
414 382
113 243
368 944
866 2
76 913
795 525
164 481
268 761
590 109
686 891
914 419
782 804
343 719
641 691
270 917
962 123
374 561
954 830
466 636
503 618
496 767
824 356
492 685
920 683
509 372
162 982
509 988
76 976
974 675
14 634
595 424
516 594
629 862
562 635
280 539
513 181
581 490
511 206
945 959
339 449
678 833
969 78
320 284
130 714
667 327
265 185
843 627
281 913
684 966
91 697
115 7
102 794
372 387
743 444
613 838
644 588
403 846
620 68
876 685
938 699
877 661
257 943
940 473
617 33
873 825
410 520
953 974
121 641
43 959
361 365
495 676
596 707
50 425
186 767
383 453
665 619
195 235
878 669
496 24
755 217
365 591
722 233
995 34
520 218
299 217
533 961
574 15
131 958
357 859
692 919
35 205
354 8
975 274
41 818
102 2
800 506
696 919
480 195
426 824
195 566
444 440
450 385
284 449
824 573
123 708
490 197
470 445
987 412
240 810
450 774
798 173
31 18
931 739
631 926
876 947
684 268
151 107
792 20
272 991
659 793
212 732
187 736
314 797
884 222
6 307
529 82
72 730
137 419
268 177
677 107
659 282
160 756
618 435
264 106
170 708
261 705
624 195
184 64
637 468
78 375
961 500
796 517
164 448
677 453
973 634
146 649
606 132
442 703
183 448
130 115
290 855
126 942
887 864
600 406
961 323
472 582
321 631
726 479
762 993
620 870
372 478
591 88
693 922
519 396
12 602
909 448
392 271
693 911
433 244
652 145
789 43
844 403
438 674
885 64
466 379
342 272
931 348
52 657
183 893
258 363
571 856
146 128
756 382
275 100
222 343
508 361
305 497
143 406
424 342
793 297
164 511
858 802
409 854
896 51
718 938
929 517
459 908
640 180
806 802
591 77
815 369
431 831
677 608
500 8
63 315
532 897
888 645
824 381
165 338
212 590
225 76
212 777
571 492
984 18
718 427
234 419
370 570
637 721
289 951
608 168
668 544
203 513
422 389
306 776
161 185
647 58
544 673
660 839
405 777
794 989
885 115
740 781
880 393
671 666
205 685
646 622
917 487
937 183
230 239
773 531
420 211
874 936
731 219
1 15
824 435
941 130
609 1
516 595
170 95
333 455
9 627
660 187
788 566
883 949
297 578
572 503
798 272
53 327
594 320
602 394
452 409
857 179
715 412
378 142
662 596
678 810
429 713
570 990
391 942
452 939
981 839
221 859
519 655
671 568
86 937
472 375
585 381
696 495
476 725
15 245
78 856
555 146
945 927
473 935
904 47
74 47
164 414
648 311
103 225
168 153
677 685
794 135
47 997
935 670
74 740
291 504
504 571
835 39
486 213
105 775
565 281
741 563
172 975
118 115
438 511
81 508
520 766
857 929
30 642
545 457
447 73
710 832
630 405
647 762
426 562
841 269
752 779
934 167
551 386
607 376
244 846
434 985
984 498
125 93
23 740
515 767
513 531
182 988
439 61
679 514
126 623
234 257
368 718
157 537
292 558
962 437
538 233
506 863
651 91
701 203
648 915
400 976
874 204
262 740
514 676
338 655
163 629
475 124
684 938
473 747
834 60
439 26
470 15
138 118
323 334
865 452
826 62
470 620
809 602
140 401
577 426
360 10
791 233
861 565
806 87
667 796
139 581
936 344
25 663
426 654
246 910
3 807
846 279
325 932
118 590
648 666
339 455
203 794
252 142
399 588
205 549
314 613
542 158
755 206
484 994
489 767
118 386
672 780
58 932
286 303
281 384
331 167
416 410
416 687
233 715
202 745
113 140
551 821
899 722
72 204
261 256
471 218
385 377
75 732
648 894
465 822
762 855
533 456
256 677
738 530
405 663
790 901
666 251
1 972
282 784
8 243
302 201
541 463
945 460
49 262
166 4
533 736
937 461
845 326
603 374
999 90
122 355
626 695
296 475
313 778
443 511
554 538
685 85
891 348
605 260
613 586
694 608
651 757
702 8
660 880
337 894
751 831
719 207
743 616
804 372
159 648
582 656
575 81
324 899
736 419
461 286
421 697
215 784
234 221
865 729
849 535
635 829
643 377
980 827
116 695
52 542
2 685
419 859
647 481
194 372
317 915
753 173
1 130
8 350
27 697
986 672
157 249
39 275
739 281
137 638
898 972
737 552
795 618
587 344
681 49
103 968
897 701
241 672
290 501
187 392
494 144
305 772
200 64
390 367
734 558
942 186
808 871
155 708
817 406
932 526
766 17
226 191
997 640
597 886
400 971
231 198
890 755
279 319
537 564
665 906
44 617
523 901
815 289
203 816
69 937
287 335
397 90
37 209
928 988
477 576
314 242
148 330
263 112
346 255
833 875
134 732
343 329
296 336
687 505
71 189
110 491
933 657
711 818
375 997
795 929
985 550
425 101
618 82
919 193
628 109
927 671
903 421
860 190
589 627
671 39
321 107
989 813
828 965
716 531
913 501
422 344
210 808
764 873
313 256
183 742
227 529
299 472
210 285
854 928
947 565
119 260
576 586
314 574
222 315
131 869
385 399
960 272
918 933
772 664
577 82
178 125
697 515
839 804
593 140
299 432
896 296
793 311
59 681
180 838
737 186
12 551
896 108
50 217
862 94
297 657
514 137
741 872
804 722
73 277
651 769
35 285
413 82
858 648
596 881
243 901
519 644
824 73
846 316
891 308
11 652
290 116
365 892
811 743
534 160
169 810
887 997
87 231
691 772
357 807
306 715
185 452
623 871
975 243
771 446
636 904
779 13
415 314
200 629
274 656
318 955
936 100
335 312
807 943
368 638
735 333
677 676
635 643
625 404
208 182
736 123
300 525
32 473
674 602
388 58
114 461
804 820
894 922
626 778
802 20
302 768
387 617
28 999
860 16
12 203
980 785
939 12
620 852
616 986
776 876
202 468
37 397
856 355
362 828
992 890
705 526
564 673
39 596
745 419
306 45
258 508
315 564
878 743
588 796
829 550
772 113
672 811
536 473
786 815
908 987
497 418
403 686
441 914
827 213
348 175
749 433
282 518
484 504
183 452
291 893
182 359
651 296
736 311
365 784
890 274
670 37
37 632
113 115
903 708
833 796
115 244
454 509
988 251
327 740
16 781
2 376
403 883
48 489
857 928
836 658
680 690
725 468
572 237
770 661
437 156
6 681
999 802
477 63
961 73
861 112
672 569
88 939
668 322
697 605
866 125
517 583
812 144
796 848
199 745
335 332
443 949
405 749
712 833
897 818
767 9
742 845
742 695
406 905
137 622
814 27
197 871
230 744
230 300
473 752
540 635
328 297
769 894
563 727
102 289
50 883
423 435
801 170
188 240
603 823
650 454
184 987
577 334
826 252
326 246
60 836
356 125
756 955
783 918
355 352
314 89
602 836
161 78
511 631
265 556
816 871
263 769
303 798
334 954
479 611
405 653
430 300
704 933
188 99
533 838
827 438
626 658
399 180
430 324
447 620
133 730
740 456
16 712
770 778
164 675
550 558
289 546
399 657
6 748
679 680
747 54
667 347
616 692
385 579
124 371
898 2
712 820
96 147
397 475
594 562
59 640
262 220
716 838
190 730
520 298
78 114
674 854
972 519
458 87
993 162
357 76
255 24
58 688
92 438
110 906
190 627
611 266
791 189
172 326
900 351
796 743
256 745
472 878
478 168
162 243
446 216
223 647
87 711
523 95
727 755
308 740
383 695
12 473
875 450
595 397
32 737
524 282
342 846
54 653
560 824
334 599
993 189
500 411
834 862
595 377
562 450
357 762
637 101
750 381
272 450
599 554
499 343
223 85
255 848
245 60
3 326
880 493
138 994
410 818
111 125
827 70
876 801
842 949
287 189
449 150
998 29
554 420
84 937
708 822
941 879
619 100
998 59
839 603
408 702
699 666
639 924
65 214
742 786
564 91
845 384
30 140
862 492
43 508
516 135
165 134
597 996
434 658
378 486
315 274
892 313
22 644
617 764
62 584
255 541
1 868
233 653
779 982
928 70
562 914
859 330
841 701
449 182
696 209
614 311
244 657
397 523
251 560
46 924
99 461
304 896
155 850
240 276
282 45
283 387
359 390
888 689
120 402
281 349
95 344
587 391
394 570
292 189
242 574
405 764
590 93
265 613
169 651
69 846
489 433
575 299
362 504
484 997
146 623
364 338
534 542
817 52
133 403
201 862
531 197
279 421
249 1000
305 844
939 849
93 730
954 986
405 55
19 247
702 277
967 482
995 684
132 636
999 704
661 981
539 255
638 598
892 878
386 437
617 739
576 298
27 608
523 47
237 598
154 196
471 169
927 372
262 83
459 346
934 603
778 632
978 543
299 530
179 127
915 630
184 76
874 46
525 9
646 466
719 33
879 47
894 321
971 885
276 927
298 744
365 476
812 956
215 294
930 631
877 241
811 305
478 326
840 959
651 468
370 289
594 695
986 848
948 694
105 884
637 769
417 485
373 667
996 521
970 540
931 893
201 602
882 463
533 658
234 20
342 833
807 605
326 8
947 71
784 95
242 203
738 856
264 419
517 832
624 862
754 938
919 198
8 373
72 304
331 630
728 868
942 265
669 470
940 932
987 467
427 572
287 944
531 365
271 440
462 868
825 324
336 911
956 8
489 559
317 300
488 501
978 728
434 235
500 675
948 516
544 750
309 22
46 180
455 631
318 869
744 286
792 683
508 971
323 213
317 410
993 890
805 988
89 944
211 759
444 518
189 807
971 678
269 884
625 255
975 686
734 74
842 142
83 987
84 863
749 747
499 789
4 20
642 205
147 980
72 165
709 797
224 245
909 900
556 910
262 945
810 258
829 614
644 269
92 252
675 258
945 434
220 337
86 136
150 191
689 187
922 326
103 281
404 199
373 719
521 629
959 601
9 236
364 99
607 578
42 765
375 988
70 524
72 772
343 655
434 682
700 502
377 425
498 474
106 964
898 721
461 648
387 241
340 435
84 327
435 525
988 552
73 814
502 543
286 824
943 496
461 343
378 982
924 190
902 920
729 68
702 448
775 887
977 151
130 599
179 147
168 647
52 603
448 727
832 213
967 301
118 85
920 765
909 337
923 430
84 594
466 127
984 262
576 43
299 892
195 169
755 63
20 486
489 183
901 807
563 68
394 90
5 812
290 468
155 863
912 728
482 513
229 526
160 409
80 891
984 991
681 744
970 931
82 669
851 523
695 903
257 765
488 855
498 342
540 133
966 210
64 749
297 662
25 273
789 953
374 751
264 946
681 620
362 726
616 897
290 361
511 253
81 383
344 804
399 307
966 903
404 680
966 931
866 527
582 838
257 920
27 255
435 523
854 22
218 313
526 884
790 167
124 260
491 52
395 226
266 75
351 850
215 931
839 564
588 796
422 319
787 380
174 580
393 228
414 333
42 373
358 421
935 686
335 17
623 786
785 952
333 286
503 439
358 737
318 175
462 735
318 579
428 527
896 445
634 299
529 633
17 7
293 612
373 862
664 86
61 490
529 126
591 547
792 364
545 458
905 677
554 270
609 570
834 439
144 419
951 481
696 698
81 674
461 338
353 143
190 650
142 188
283 436
167 972
535 948
400 648
280 453
527 370
885 245
950 317
815 76
270 253
899 697
81 413
94 558
953 481
786 357
112 720
881 115
487 407
919 972
531 138
764 503
876 203
226 947
400 712
141 74
816 833
681 261
617 919
64 545
86 563
811 16
204 350
488 242
342 204
310 150
762 183
85 372
699 977
41 717
25 298
529 613
414 939
74 415
505 473
954 577
33 583
418 130
866 925
523 674
124 685
172 121
597 624
842 147
155 100
226 753
111 633
331 971
486 260
904 414
706 11
916 552
832 699
14 132
763 182
199 42
753 441
690 453
60 725
44 692
4 251
468 721
163 94
700 670
522 524
16 906
234 821
815 374
197 807
32 148
237 209
447 826
285 263
376 875
320 30
642 487
838 848
480 909
670 249
36 382
840 891
517 467
482 775
619 25
134 613
232 164
386 214
65 50
840 984
693 346
63 42
157 21
82 273
997 603
799 714
306 481
130 560
301 370
363 168
471 35
717 484
557 699
985 293
494 51
370 172
433 683
122 546
53 861
758 183
244 949
701 760
959 961
143 468
288 814
467 114
156 244
385 59
47 130
25 357
117 172
196 595
414 700
618 519
969 352
955 969
4 91
210 781
11 125
462 752
423 159
371 379
865 34
178 483
999 760
484 511
422 142
700 292
706 607
581 751
881 684
129 761
86 563
909 983
421 286
505 586
906 230
332 83
663 103
431 868
197 893
17 140
539 927
563 809
637 540
493 922
943 59
33 421
554 831
829 767
21 603
55 114
960 242
589 700
789 690
82 598
985 922
264 817
537 577
138 424
96 561
584 834
480 525
17 86
263 54
684 581
356 12
192 754
370 875
829 589
124 116
666 24
961 470
313 705
363 452
535 618
458 200
536 637
695 136
803 324
325 553
937 296
770 762
364 352
639 202
726 461
420 475
551 3
288 857
700 83
599 918
236 679
429 144
476 373
425 798
405 511
646 575
732 138
86 411
83 566
600 526
631 917
140 178
170 128
76 795
945 582
237 729
320 94
662 474
516 432
153 191
673 991
615 832
197 145
1 65
693 18
804 543
880 909
85 478
553 725
533 925
552 491
446 109
930 857
375 269
680 326
69 73
590 75
187 196
677 318
82 908
675 532
364 109
257 509
230 105
333 394
357 350
169 682
730 896
276 694
576 233
280 457
933 982
435 348
336 700
426 937
74 131
267 510
416 313
762 908
192 402
206 937
265 567
196 915
304 476
469 838
761 767
4 272
450 533
554 130
526 71
221 937
129 542
846 15
583 402
611 652
994 489
469 424
4 534
18 533
489 240
381 489
984 197
828 946
964 119
194 477
14 733
518 376
270 189
853 150
50 785
700 171
301 335
248 665
107 605
161 306
780 197
20 887
792 549
640 168
226 979
131 949
616 271
990 428
929 969
94 988
24 564
445 18
185 915
504 202
369 364
442 48
546 130
226 471
751 775
544 50
861 361
741 73
867 428
523 622
716 89
675 873
970 6
174 329
589 749
798 316
836 17
590 1000
331 367
135 418
989 218
628 56
900 593
1000 650
96 180
223 606
572 765
66 581
607 604
199 895
401 974
753 558
116 470
779 986
318 316
19 176
124 454
429 537
552 548
716 448
654 664
872 916
156 294
37 463
984 480
281 94
382 733
592 450
74 859
475 718
331 930
446 697
561 451
929 662
897 177
762 507
686 639
240 672
994 51
259 536
869 217
394 188
164 482
373 246
830 406
749 259
603 704
120 365
735 106
329 792
654 441
144 67
823 633
78 881
254 188
396 857
821 791
964 330
322 990
983 707
831 337
192 794
6 446
274 604
331 546
814 565
719 914
631 639
490 567
50 904
745 401
783 447
192 643
397 488
305 336
910 329
246 35
382 627
819 277
506 573
64 755
246 581
862 414
664 705
135 752
339 757
218 467
286 605
823 908
319 518
737 376
474 880
266 45
38 950
195 860
249 937
204 950
243 954
24 605
441 783
997 732
507 504
299 705
904 826
114 578
32 163
345 278
59 559
412 374
400 539
230 940
768 560
511 738
564 522
256 693
532 594
805 211
169 400
481 748
933 645
952 414
58 752
33 59
417 376
155 190
620 289
123 267
157 810
770 727
257 175
315 200
871 362
78 822
85 287
206 771
269 31
554 798
668 38
882 510
364 537
528 821
370 986
18 675
882 863
557 845
281 919
68 422
156 278
593 892
999 355
18 262
641 760
320 45
46 51
308 432
548 987
355 828
466 764
396 75
934 22
471 557
814 650
17 733
521 344
685 142
640 685
173 21
607 808
513 696
592 15
902 7
985 710
947 394
244 648
217 156
441 704
601 950
247 618
610 55
328 222
947 523
878 709
494 625
328 887
885 153
458 740
201 429
988 889
409 936
953 478
240 149
826 221
594 273
188 958
400 387
840 617
458 611
642 747
749 729
796 748
445 47
708 152
309 434
235 446
100 493
591 517
474 366
651 925
355 773
461 157
347 506
385 969
395 214
468 470
115 533
836 345
225 939
158 300
273 373
471 339
941 337
607 383
262 664
771 904
580 322
338 824
586 499
659 453
118 533
949 903
408 550
102 364
584 779
536 352
549 838
41 961
571 364
130 42
357 441
642 981
220 720
308 687
126 998
654 983
850 463
819 495
315 603
852 534
835 754
90 596
466 501
119 512
959 471
38 583
686 180
552 486
19 232
73 58
382 715
962 973
536 828
800 740
701 60
404 14
849 437
981 440
760 346
715 623
329 177
661 214
282 902
621 713
442 281
786 672
643 139
239 576
143 381
826 558
69 834
448 6
291 334
119 875
574 902
668 200
392 698
773 30
353 177
570 463
49 451
816 618
909 605
45 680
432 801
51 687
564 148
199 444
545 644
329 551
693 241
649 881
420 410
136 713
746 116
181 807
655 327
745 801
747 690
933 677
418 928
306 517
505 538
545 465
322 495
188 466
540 281
700 43
711 690
957 829
486 447
607 19
29 580
375 315
205 352
125 694
910 603
174 793
853 853
365 245
55 944
486 508
948 184
924 102
814 2
892 299
468 371
64 105
571 114
952 304
900 25
374 364
740 752
921 611
672 483
213 696
503 742
161 383
156 957
489 370
76 40
581 931
461 935
833 883
632 762
174 106
160 757
33 288
227 538
26 723
969 599
168 698
914 265
204 450
277 921
699 734
327 430
111 885
176 267
328 599
356 283
255 335
416 602
820 335
252 814
953 233
160 750
910 634
562 890
982 956
599 171
386 52
495 723
788 440
734 736
31 237
912 829
557 569
45 234
985 348
718 62
846 828
767 194
951 625
277 615
385 198
49 115
518 914
693 864
131 998
591 325
485 823
492 553
423 662
527 333
679 902
18 225
833 621
483 802
172 63
611 675
748 664
196 241
127 649
361 27
341 77
146 794
601 579
311 230
413 894
517 889
813 844
871 176
722 540
415 526
515 540
909 923
87 658
247 814
78 89
962 551
136 550
207 448
357 3
842 332
303 667
311 440
205 759
718 481
74 633
537 791
221 920
75 681
170 139
587 641
833 569
448 697
381 408
456 902
328 325
884 27
317 196
846 601
966 199
558 334
895 372
1 636
202 802
500 196
445 885
239 378
921 627
333 659
460 301
978 620
922 746
190 876
663 352
466 533
808 220
648 927
642 44
832 646
131 756
600 645
576 94
100 458
471 837
383 788
670 691
736 538
379 737
72 134
461 128
922 707
275 382
500 75
220 59
462 715
278 388
817 362
211 783
10 856
209 976
158 668
57 164
400 977
539 740
865 522
351 868
607 371
743 980
953 826
283 711
498 749
53 275
612 149
446 392
912 396
929 628
939 276
351 726
978 264
306 697
697 151
654 36
784 621
188 48
568 84
169 649
885 268
622 192
244 198
594 408
694 911
21 272
869 747
494 433
423 808
416 57
649 61
136 215
662 330
418 120
696 753
196 640
510 566
827 493
223 164
877 513
581 544
943 966
509 217
648 999
23 24
973 236
433 988
318 110
321 913
305 700
482 898
366 806
438 485
499 192
85 863
808 433
509 287
750 196
51 911
955 486
313 712
913 922
176 597
633 546
248 867
89 566
558 975
662 689
300 712
374 346
159 39
812 321
285 373
97 259
102 820
241 848
862 144
469 2
335 711
495 697
803 998
75 461
114 438
515 115
441 408
19 979
261 133
295 145
358 649
706 883
903 792
545 619
485 209
239 406
158 386
74 627
291 892
165 632
833 601
343 866
845 884
300 387
998 744
115 529
584 203
896 68
109 675
123 992
335 570
656 28
612 535
912 986
888 445
329 832
185 7
241 6
367 460
448 66
3 168
575 216
458 507
587 550
241 174
447 742
739 435
985 501
993 300
843 76
409 632
901 781
435 593
289 25
40 232
759 551
699 629
730 767
884 274
227 32
307 224
669 767
666 861
89 193
318 988
842 555
847 436
283 703
566 526
15 529
767 145
897 579
767 512
550 935
407 295
400 27
802 922
229 617
723 911
895 743
931 596
173 429
298 460
705 325
659 598
163 944
629 686
591 390
142 897
754 518
747 907
291 711
550 59
175 893
696 729
933 761
895 286
244 594
801 773
1 577
745 297
693 116
577 656
631 728
553 558
742 972
495 757
610 300
632 819
75 387
6 4
562 125
835 913
447 68
36 601
834 193
417 808
14 478
508 630
714 73
752 665
130 107
116 805
206 745
152 618
481 475
183 503
973 148
630 494
390 450
556 639
700 342
59 242
516 349
885 32
296 640
282 849
286 617
786 555
759 968
701 265
858 117
467 234
192 950
953 740
897 995
89 200
927 464
774 104
504 635
422 294
202 918
408 135
490 551
551 824
246 159
968 263
884 696
201 357
842 619
731 291
240 544
2 603
442 734
994 896
803 894
628 929
854 828
721 777
238 309
566 971
9 15
593 276
225 181
906 737
147 210
685 947
907 361
304 480
8 834
408 980
683 271
265 760
510 327
302 425
11 947
461 668
226 664
774 665
759 428
742 621
627 820
23 973
602 990
410 312
214 642
192 948
330 566
893 155
720 114
790 655
503 337
437 132
904 274
738 717
280 877
740 266
634 978
512 792
478 166
377 817
485 847
81 550
446 163
783 27
942 620
546 970
555 6
637 658
418 748
963 416
866 624
876 238
425 18
409 756
901 442
669 333
845 337
604 700
185 797
80 598
391 12
258 106
64 604
382 86
906 727
722 139
975 348
768 956
782 708
297 914
224 795
389 972
614 736
9 541
378 398
104 175
187 963
101 655
836 361
559 32
407 587
542 725
582 619
133 305
322 858
481 705
712 15
817 621
17 171
335 74
840 404
814 835
977 649
43 442
129 165
769 961
25 208
744 406
110 123
638 559
30 474
56 33
379 782
570 784
804 44
950 298
605 984
274 204
315 678
309 682
181 490
483 880
696 974
671 415
433 900
816 997
952 605
911 499
691 898
744 973
328 185
407 605
152 586
493 753
512 233
915 287
682 695
582 806
956 469
156 70
638 112
382 211
737 499
422 558
559 513
2 13
542 699
586 84
177 545
119 963
16 932
132 633
303 491
354 138
405 316
590 694
797 38
918 874
98 676
756 434
647 901
953 807
228 961
390 981
592 855
207 393
339 893
25 953
395 479
726 516
11 108
622 996
662 77
184 433
114 624
874 976
298 988
381 267
4 549
980 243
525 90
686 915
594 509
682 247
296 843
731 660
270 405
692 386
201 750
45 416
928 566
223 727
538 750
637 921
317 309
539 739
552 947
659 177
491 140
678 601
789 191
648 603
582 575
495 199
599 697
309 359
286 767
44 927
678 589
785 306
447 291
276 271
697 242
103 676
271 114
149 105
874 410
558 152
643 650
752 699
254 142
423 415
995 691
600 440
406 256
530 38
273 813
191 798
969 142
170 147
78 798
256 238
767 118
484 964
750 469
974 79
783 732
708 744
695 306
180 131
698 854
216 507
509 699
307 512
590 473
115 710
585 529
415 944
132 441
859 469
261 841
930 458
483 933
891 584
162 84
95 255
442 608
58 419
698 511
368 230
465 641
906 726
598 147
297 792
617 932
218 645
674 542
643 652
400 95
877 721
468 697
914 997
743 398
217 325
216 8
447 231
251 943
617 402
991 460
903 581
783 263
811 548
243 620
698 638
31 691
442 482
517 856
765 467
455 152
724 18
39 757
640 187
282 259
957 954
698 780
721 40
476 689
987 544
898 859
935 319
553 313
1 44
45 242
495 243
811 989
20 904
208 527
530 3
112 357
585 447
793 923
493 519
921 124
508 243
93 546
217 295
893 137
914 821
924 39
281 61
100 846
185 401
129 822
262 974
508 661
26 720
875 440
526 141
863 294
774 404
118 938
200 95
658 530
878 847
554 167
786 280
520 780
706 237
507 185
468 92
453 874
451 461
448 852
146 343
492 120
592 28
396 28
261 406
210 141
533 162
936 281
467 796
721 501
943 219
182 594
339 510
613 661
666 599
8 487
402 103
450 802
179 658
879 78
872 612
820 42
158 652
436 311
35 361
101 769
969 931
523 63
555 843
939 734
423 908
490 569
437 19
591 732
623 454
887 88
457 26
512 889
906 215
720 383
763 655
742 306
192 37
264 809
357 867
991 693
347 479
360 665
116 622
757 885
955 817
340 796
534 887
222 226
872 595
818 130
643 823
938 110
427 746
743 88
473 750
617 793
934 173
913 241
94 901
699 590
543 761
454 904
578 363
406 484
257 542
60 688
226 169
971 607
899 809
590 356
422 429
345 340
855 168
278 335
820 474
689 832
468 544
813 157
387 318
432 145
437 658
140 696
88 691
32 803
8 290
575 341
749 927
151 60
191 719
485 420
461 188
142 409
146 270
833 499
17 9
420 879
195 87
356 996
295 551
65 594
257 334
761 506
253 269
531 266
662 90
559 8
282 52
996 545
704 586
994 146
782 923
402 943
420 747
531 234
236 604
230 230
326 323
43 284
63 101
357 158
858 626
660 42
267 233
634 50
375 452
609 50
783 173
930 945
175 408
392 723
794 867
367 846
768 260
455 611
491 306
22 288
318 750
549 508
191 131
120 850
799 372
892 130
383 333
469 380
933 381
197 815
103 51
300 161
79 686
556 695
712 385
364 327
680 663
512 892
854 538
270 994
22 163
52 579
499 677
465 866
573 987
337 597
627 796
301 552
90 691
506 944
854 76
440 69
529 107
742 115
314 639
581 650
735 416
202 325
542 333
815 137
312 161
500 895
319 902
858 747
346 138
601 37
607 274
987 192
552 140
728 905
417 153
763 338
264 339
516 264
710 963
400 514
845 615
974 35
155 634
676 58
726 276
897 623
680 35
259 961
613 666
557 190
35 121
745 234
114 613
236 564
459 321
778 205
205 373
879 82
366 415
905 220
591 55
818 622
812 112
658 759
218 827
380 633
65 813
440 329
660 69
969 128
38 623
495 73
600 772
704 68
513 597
914 554
101 814
925 922
992 952
335 860
509 849
719 940
426 431
438 273
687 11
155 830
719 779
542 32
645 155
463 297
875 461
288 501
895 662
768 915
239 395
889 654
806 35
157 13
527 871
780 64
386 824
297 580
261 863
894 648
829 483
77 577
293 750
825 387
717 25
804 961
127 513
138 118
302 466
110 261
104 419
27 822
590 970
501 723
753 874
441 610
47 258
227 915
94 64
775 356
488 102
322 691
184 235
345 348
829 533
361 828
380 293
882 789
2 692
470 410
770 509
590 726
604 994
727 824
935 4
600 210
232 173
904 242
803 256
526 864
162 172
992 361
372 941
800 556
39 539
972 227
145 623
661 620
443 51
227 856
656 329
214 635
684 599
735 182
328 129
609 2
181 399
450 14
351 433
687 834
685 377
375 796
805 768
494 107
917 331
973 995
728 191
280 137
917 979
368 655
662 101
738 217
944 7
480 905
614 307
662 992
403 613
111 174
864 656
305 821
18 52
743 729
807 743
142 642
715 529
418 700
966 652
809 86
376 99
728 123
16 490
293 214
994 735
212 993
527 464
598 48
377 974
447 817
879 760
824 126
429 474
332 935
423 118
630 305
816 628
603 332
134 911
132 572
433 240
79 317
724 759
789 893
34 167
63 220
413 714
637 223
891 116
392 174
242 68
761 226
6 785
881 91
872 585
410 257
337 703
638 946
943 806
279 115
439 249
934 706
444 773
40 220
270 842
477 738
191 229
675 249
98 842
707 538
85 528
114 583
497 781
186 719
927 795
450 828
677 379
700 939
490 730
470 684
678 273
299 683
989 490
362 429
117 383
751 471
494 916
137 212
42 136
852 909
213 617
831 30
479 566
369 927
863 144
584 376
98 883
634 800
452 201
727 176
495 537
54 499
2 854
128 697
579 282
362 364
824 317
239 307
979 593
245 341
900 432
486 640
923 455
394 155
118 644
659 552
71 511
257 430
842 837
183 942
285 739
742 828
577 873
632 129
953 20
1000 127
193 704
32 940
952 550
787 10
312 491
28 438
326 289
295 576
269 130
846 202
48 641
150 853
80 188
724 88
586 791
906 731
125 538
222 859
90 39
85 670
157 644
852 602
379 168
703 520
28 83
646 159
859 598
44 726
428 630
673 898
470 323
531 338
872 902
809 102
953 874
464 871
26 633
898 699
527 986
155 280
423 282
789 539
655 370
479 169
278 191
857 854
68 879
43 99
332 458
759 726
260 783
397 157
554 217
685 202
937 434
314 910
13 471
469 727
707 187
111 244
541 96
99 907
252 267
211 440
959 32
490 673
139 39
418 271
163 549
111 776
186 437
516 203
382 88
92 459
1000 899
659 912
153 961
207 362
72 608
865 519
233 912
864 7
127 529
200 463
69 476
359 363
490 541
392 919
139 735
516 127
622 593
445 941
308 864
437 643
910 565
207 465
659 544
731 378
400 381
712 715
746 542
757 99
472 297
408 89
916 708
811 938
836 974
852 298
756 279
493 525
630 114
499 446
228 306
154 88
541 804
288 516
919 684
153 938
165 106
628 483
137 229
499 221
546 752
632 224
737 373
294 674
665 776
71 62
494 270
109 795
775 549
562 321
110 532
307 718
472 375
178 67
944 684
315 729
529 258
602 928
52 11
515 104
158 150
385 953
798 130
859 737
966 448
300 860
631 417
731 169
474 592
323 618
580 920
979 492
505 289
176 888
221 215
969 720
358 612
435 494
206 352
814 346
385 110
800 595
514 824
617 601
122 557
855 880
235 410
659 502
65 263
603 784
859 940
225 778
689 619
116 31
574 255
365 104
712 222
725 728
349 171
141 447
313 847
934 796
429 625
203 801
210 139
195 570
535 831
67 886
982 402
620 410
317 392
888 378
36 248
107 425
523 569
927 26
510 885
553 352
707 429
211 315
811 421
633 700
376 466
959 308
174 273
202 984
572 705
671 423
781 732
506 662
674 58
816 12
658 871
766 34
565 614
499 861
453 390
427 832
535 812
350 891
376 321
488 72
267 69
522 80
850 763
850 81
163 607
326 963
573 550
766 763
362 133
27 839
520 709
155 660
187 837
902 604
109 480
701 268
889 817
394 845
484 740
131 360
981 575
267 256
174 745
274 267
179 937
811 305
643 282
223 80
533 366
961 71
765 697
361 130
878 447
525 798
98 840
709 917
536 322
821 923
862 592
145 474
888 835
11 363
559 326
177 494
260 454
389 964
911 761
357 491
540 382
532 138
285 86
8 134
334 65
926 884
604 468
530 815
616 329
772 76
875 368
87 341
385 317
428 379
755 474
639 615
592 206
320 954
205 46
516 436
597 19
732 874
81 900
183 460
51 157
684 326
144 16
395 956
412 332
605 995
146 251
760 342
389 736
703 687
265 296
625 446
645 24
841 55
845 888
687 79
602 143
557 575
557 887
604 20
868 106
359 918
572 748
104 175
464 179
715 895
673 29
256 294
751 385
68 633
318 513
994 81
5 645
181 480
411 676
354 645
74 871
884 530
464 702
888 660
452 671
138 258
886 980
927 842
979 565
445 241
871 701
352 377
483 113
262 512
481 159
45 679
373 91
51 640
823 928
926 307
935 45
670 810
160 893
992 227
184 724
684 863
742 391
609 849
285 459
791 33
112 352
981 9
598 87
180 175
897 18
332 901
825 292
221 237
230 361
633 785
246 182
481 834
348 60
445 647
450 289
135 753
592 888
994 725
909 946
343 417
733 109
120 426
59 868
457 45
937 519
172 124
535 188
284 380
440 270
140 125
43 141
416 505
848 942
820 649
185 613
60 996
859 184
68 905
293 854
953 624
529 815
687 588
976 453
917 75
251 660
38 905
383 942
969 9
449 699
723 414
866 263
531 433
140 3
855 796
278 328
269 22
893 10
628 488
524 82
492 384
116 110
83 115
815 85
578 337
602 189
567 315
649 232
476 368
384 103
456 129
719 229
949 337
325 103
810 177
385 642
265 587
244 117
819 621
475 121
11 912
460 526
817 690
22 16
992 793
38 635
681 833
647 490
449 320
298 246
345 207
23 93
780 155
555 184
87 486
522 66
948 48
278 294
999 841
960 808
229 588
655 527
937 644
351 441
441 610
388 831
176 634
231 859
958 378
72 896
861 813
837 96
821 175
953 692
10 578
1000 263
252 984
498 251
232 34
607 569
117 664
810 331
617 18
753 757
5 662
995 147
647 443
163 780
278 78
324 232
811 443
934 893
806 566
704 592
870 674
286 826
581 594
493 761
43 654
428 66
43 536
629 611
83 184
429 917
647 429
336 202
424 253
577 211
153 806
280 877
291 45
980 93
386 864
468 682
663 575
585 994
406 184
454 40
875 348
658 468
241 715
877 434
779 487
537 352
7 296
179 283
999 59
74 177
834 57
408 733
51 549
807 910
416 606
893 496
325 518
595 319
818 618
938 609
563 971
143 684
758 748
225 761
794 900
208 279
678 878
393 330
80 848
239 109
71 690
171 53
803 711
775 56
587 632
920 415
599 191
819 968
784 225
881 39
149 488
45 597
351 384
910 737
990 248
280 351
125 675
760 630
276 752
295 655
277 142
166 386
777 676
708 891
676 912
788 925
526 479
810 189
267 517
855 995
317 260
587 788
9 458
467 460
544 895
203 322
758 116
589 836
816 154
515 373
706 113
225 308
294 800
983 575
596 341
765 687
734 598
376 501
603 751
508 14
239 436
874 891
888 946
581 620
36 625
663 423
665 484
113 851
118 580
531 737
880 506
280 709
439 780
118 802
539 690
508 916
593 873
941 426
738 839
869 443
357 592
673 583
491 105
243 762
28 451
982 517
953 546
519 270
306 527
541 857
129 459
731 262
670 740
59 381
595 661
357 784
227 761
784 488
871 336
120 98
122 317
889 754
558 887
171 657
429 831
167 836
669 433
616 229
598 775
909 142
197 858
358 667
998 106
29 999
941 728
120 154
326 50
60 913
655 535
636 398
346 115
537 530
135 805
476 72
105 984
195 324
263 767
56 196
86 340
696 142
54 418
722 610
938 489
94 921
724 386
185 638
352 613
222 195
487 887
262 56
287 343
644 400
425 75
810 20
204 679
632 636
776 662
351 619
549 515
848 634
852 690
730 296
879 523
812 248
133 647
335 291
536 334
240 73
835 360
621 98
966 306
174 593
356 68
838 715
119 976
201 69
186 814
824 604
422 550
923 800
465 869
999 436
77 171
528 975
557 780
592 398
517 143
681 126
794 667
888 909
672 456
826 704
779 13
731 338
543 366
660 124
324 224
357 688
732 576
308 362
407 920
76 41
602 916
842 202
771 773
612 590
63 43
651 877
904 896
514 587
705 378
223 186
996 42
761 793
927 771
867 259
113 412
457 850
331 250
296 253
717 888
763 160
518 328
627 460
281 655
486 750
132 36
995 884
987 697
901 342
148 413
590 777
692 312
366 497
114 345
476 640
210 101
500 98
557 105
498 412
150 674
526 540
416 986
225 42
783 222
638 167
485 733
812 796
766 260
4 735
725 832
374 882
344 620
624 893
66 204
497 925
895 384
459 676
517 381
880 410
786 768
479 716
856 397
430 285
784 15
50 323
6 385
469 731
665 772
343 647
998 426
416 351
885 874
981 262
156 877
953 670
914 841
566 214
15 571
132 979
35 227
984 101
628 106
33 564
395 775
272 474
673 307
70 739
702 585
731 106
955 98
459 430
769 831
219 197
313 928
325 239
629 894
536 222
862 676
596 220
512 891
900 566
939 654
764 528
148 307
685 169
603 171
975 224
398 483
863 743
398 644
977 119
824 137
768 845
814 439
707 931
439 345
122 426
549 708
594 390
469 256
764 650
621 729
797 286
601 893
865 478
54 95
850 605
858 427
152 514
419 779
481 394
48 177
243 566
781 286
678 622
131 930
760 829
359 141
780 775
90 45
235 641
361 929
653 608
653 126
337 13
213 47
747 232
427 779
206 114
53 634
931 983
813 783
640 299
3 741
804 244
328 811
82 945
767 297
965 969
648 712
75 439
564 101
132 997
880 198
596 207
307 504
751 929
410 89
477 427
103 905
7 476
462 878
233 717
552 552
311 223
426 18
61 967
904 531
818 633
927 68
941 828
393 386
99 308
732 470
823 429
277 211
547 647
617 591
613 61
292 86
14 66
93 996
95 318
34 666
709 317
536 675
336 201
686 806
654 665
874 438
261 530
204 969
608 629
602 646
561 393
467 259
952 891
664 718
923 755
48 106
271 384
891 892
357 166
929 958
193 471
844 395
391 33
931 532
167 223
745 91
587 674
317 167
493 481
907 375
159 854
411 650
221 331
624 478
917 108
700 840
211 127
634 92
382 786
340 220
455 924
518 398
307 943
987 409
263 620
38 513
59 271
419 372
306 884
888 779
872 418
638 653
997 728
148 632
810 718
142 321
497 620
146 86
514 16
147 323
211 948
953 330
56 903
969 78
59 629
441 25
950 873
751 636
862 530
578 240
962 531
113 163
37 896
299 333
640 22
375 979
11 570
300 843
453 29
483 313
507 150
868 106
285 720
111 463
375 949
261 28
927 244
397 505
914 31
866 433
756 936
237 722
663 285
176 724
963 937
291 125
464 653
362 956
424 55
622 76
896 402
283 460
272 182
970 917
457 465
184 267
879 206
975 95
119 53
123 228
706 460
16 530
306 812
402 167
13 54
556 692
808 392
181 351
438 219
104 165
17 567
804 371
360 665
891 684
658 995
670 269
441 509
881 47
362 227
379 453
645 134
481 959
520 192
940 942
504 538
975 754
203 936
261 864
496 152
587 503
584 694
26 109
337 308
944 469
56 656
439 645
319 326
334 565
695 696
526 754
192 635
288 459
182 260
773 523
686 819
798 377
458 663
381 365
433 857
860 556
763 557
405 390
139 671
113 397
790 730
588 265
627 551
113 794
611 228
539 709
275 131
556 562
96 804
145 773
946 237
581 268
188 313
316 761
387 519
419 153
516 581
295 3
115 637
587 237
474 919
439 668
479 94
29 354
873 487
172 957
732 71
195 141
290 237
198 950
980 840
685 191
146 698
190 386
832 21
447 541
706 645
336 232
689 567
913 17
422 7
536 124
518 760
86 143
286 568
986 965
249 306
405 912
672 456
336 716
593 680
27 426
804 574
312 123
401 643
272 550
398 589
756 908
744 87
6 745
952 706
368 237
160 971
213 452
645 391
15 883
623 365
193 884
55 339
662 715
289 500
2 458
714 616
336 987
187 308
771 924
319 283
248 15
321 669
267 450
874 40
186 661
554 908
480 106
236 803
363 434
431 393
599 749
841 168
227 466
567 759
797 392
675 556
442 971
517 544
865 980
726 794
25 946
888 150
183 558
682 151
605 126
547 354
855 399
508 22
63 264
939 625
564 597
333 244
55 825
636 514
598 456
290 741
692 988
76 546
736 206
450 102
333 224
230 728
698 888
699 344
763 959
840 561
152 490
933 228
333 489
277 581
426 423
445 665
259 154
436 560
866 219
155 232
171 511
247 402
353 199
957 769
391 245
141 608
242 993
66 82
741 923
609 824
373 1
632 279
86 699
393 737
437 805
206 581
423 197
775 113
874 286
315 318
995 403
891 812
344 832
885 312
495 510
279 564
295 278
10 222
677 464
618 395
841 372
731 118
682 304
862 835
223 603
596 249
840 601
778 303
268 632
565 582
260 451
40 736
416 77
532 63
520 945
584 705
838 831
185 970
914 513
963 394
350 343
881 441
868 127
897 985
956 825
307 251
378 370
284 52
24 960
710 297
319 454
242 840
788 367
281 729
377 88
943 925
345 969
577 6
544 389
984 608
650 811
567 375
411 707
578 536
239 757
7 580
459 726
113 826
115 364
218 148
469 413
305 573
894 379
277 681
477 146
417 166
725 493
824 402
438 790
130 989
13 733
984 32
610 314
428 462
307 246
757 138
112 759
194 329
751 275
668 201
793 512
977 34
852 280
119 476
682 834
21 826
666 727
688 702
54 427
293 92
989 101
681 843
905 752
929 729
499 330
695 390
533 21
859 61
537 781
211 438
353 873
275 704
814 245
656 29
357 623
217 909
847 360
799 264
128 902
935 622
554 416
558 609
722 26
125 478
883 641
420 520
106 593
787 893
674 597
287 685
537 582
354 880
402 353
407 399
348 306
348 863
932 213
480 537
367 766
783 525
362 711
92 952
349 803
94 907
60 528
166 967
520 338
264 517
239 982
360 643
279 948
871 924
249 369
246 622
155 603
946 987
206 110
825 56
402 662
140 106
854 54
205 401
756 809
146 413
844 816
539 81
616 163
921 821
417 731
359 705
456 247
134 494
319 693
243 383
337 452
44 624
302 695
571 910
140 37
73 703
699 231
79 963
271 945
553 579
716 724
652 321
693 531
274 456
365 285
763 182
906 571
262 215
950 707
688 107
248 876
596 835
954 802
141 232
372 868
928 301
258 436
677 630
898 407
702 825
144 750
57 91
77 540
731 102
941 545
542 538
640 142
68 34
59 378
676 761
496 861
685 940
219 995
545 561
623 715
628 632
520 152
588 449
34 463
955 126
786 242
602 674
859 933
553 371
525 776
125 580
665 740
265 454
143 265
392 664
635 878
433 221
958 59
309 517
945 868
381 134
527 727
903 684
595 768
986 694
1000 546
255 955
656 209
820 349
639 309
611 654
385 978
608 944
984 542
963 489
890 867
98 590
571 501
963 359
824 982
480 396
196 513
787 6
157 555
909 977
913 232
850 240
766 909
351 770
727 410
855 484
702 691
601 431
694 503
94 259
432 336
250 716
889 236
305 851
609 955
428 465
471 874
84 760
195 224
966 906
916 439
8 318
659 693
259 975
200 940
633 800
292 406
457 902
223 245
808 236
898 705
754 485
719 43
778 477
768 827
166 944
342 445
239 200
491 345
615 553
993 755
172 95
724 192
132 50
406 570
929 369
594 917
831 789
595 819
419 887
261 741
303 181
628 444
155 569
908 471
86 570
345 397
862 719
496 741
716 265
246 516
483 384
783 895
546 441
401 250
520 111
203 112
672 64
768 723
853 257
72 783
264 212
592 514
576 640
361 527
520 498
151 587
615 811
467 759
196 282
507 887
617 964
336 202
138 281
49 540
221 25
590 344
380 742
