570 725
898 853
412 464
653 302
881 954
580 426
977 208
471 267
143 697
726 752
309 190
446 494
591 502
762 286
415 392
700 543
385 330
964 718
823 625
584 619
680 466
885 453
876 217
541 280
739 984
49 631
487 483
760 101
663 457
337 256
854 909
238 712
531 309
946 180
642 747
84 814
715 723
124 960
657 852
77 950
982 642
163 958
453 771
863 942
536 177
954 165
659 544
398 317
849 32
467 23
85 140
712 775
747 564
808 137
936 993
704 973
744 407
589 295
415 695
99 410
922 718
100 669
822 584
973 942
545 833
712 887
48 470
597 935
673 31
474 874
778 871
381 819
569 447
407 433
261 712
219 207
597 639
591 585
248 206
163 484
892 17
120 413
947 519
811 37
451 666
377 683
461 839
477 42
993 505
416 788
631 163
616 120
705 470
196 192
823 706
271 614
763 928
156 328
111 959
833 369
643 285
870 842
483 601
303 969
456 759
744 241
310 51
553 242
454 9
779 930
885 964
314 84
629 646
843 897
850 48
247 300
103 138
257 721
18 749
276 9
926 887
776 831
600 423
239 143
652 25
923 704
520 516
643 191
25 450
158 470
157 464
351 205
593 280
705 456
996 995
988 344
43 74
152 63
22 750
986 310
939 558
773 41
962 482
787 774
321 894
404 401
545 169
774 76
632 198
566 37
792 402
134 240
671 239
303 63
241 89
49 471
788 848
961 933
194 637
681 521
252 32
142 666
668 81
95 913
644 421
753 922
229 155
123 505
115 808
686 961
439 384
556 131
269 638
910 301
184 342
670 361
618 889
724 703
936 169
759 29
580 445
970 262
117 326
234 257
437 171
245 509
250 931
45 945
751 714
68 992
43 77
434 836
282 993
221 882
203 56
857 816
762 270
408 834
943 803
852 930
839 226
251 385
521 914
921 505
507 290
676 782
405 210
132 501
246 607
570 962
311 720
419 672
109 863
820 645
179 898
72 964
815 371
232 503
779 100
771 556
335 855
462 375
349 461
29 985
37 269
122 936
11 487
581 615
837 465
678 631
513 275
631 645
999 974
437 398
306 914
584 849
637 864
945 404
635 901
28 234
88 945
94 955
806 342
889 668
531 285
549 120
81 181
601 575
549 677
978 71
61 596
459 216
411 815
902 196
7 259
442 199
357 644
190 99
650 621
60 935
605 33
721 137
467 521
301 130
995 86
686 681
988 810
202 730
723 634
436 472
193 847
758 216
405 110
601 609
710 244
920 297
540 925
508 169
239 551
851 996
464 547
650 84
479 572
957 614
4 291
836 415
834 865
337 94
160 54
615 420
602 786
469 713
416 915
11 329
182 647
85 943
380 674
285 296
374 713
45 332
982 720
254 137
320 633
947 488
79 230
241 164
158 177
115 688
914 921
128 192
758 304
472 746
534 820
496 798
265 258
194 661
753 361
793 910
724 286
459 135
752 52
511 401
194 231
369 36
8 137
475 30
416 372
359 30
784 304
443 461
656 816
771 456
477 392
885 471
871 154
225 241
604 281
16 84
206 349
455 119
579 721
996 971
53 585
264 962
353 952
613 86
35 576
17 581
914 956
219 179
263 379
702 168
356 573
605 860
907 819
702 609
268 338
122 912
315 800
579 486
529 90
214 704
874 925
883 516
424 4
971 626
86 994
218 748
863 392
613 609
991 280
78 256
82 155
77 140
228 689
641 626
665 15
247 203
558 294
658 750
663 921
876 565
810 150
44 427
276 169
473 300
835 262
494 54
396 78
342 103
870 115
122 719
247 63
272 471
221 2
38 850
423 827
695 675
821 585
93 431
117 306
801 900
32 643
967 610
116 745
421 713
467 992
869 644
60 234
568 21
680 258
662 160
256 649
444 796
950 457
149 527
201 241
76 538
156 192
456 309
281 533
377 275
994 422
674 826
488 103
440 828
504 622
274 105
155 749
698 769
548 743
939 564
712 383
498 268
233 493
258 78
227 554
763 325
339 558
899 767
748 448
288 796
172 774
28 420
334 757
753 520
345 307
759 933
434 876
293 308
501 322
612 693
890 192
386 21
677 440
613 517
654 11
926 222
147 746
481 618
451 274
698 212
356 901
922 570
446 599
706 337
882 502
399 707
574 566
151 989
562 764
995 900
88 345
269 401
879 457
68 289
920 404
181 930
277 93
772 491
431 474
548 196
815 515
907 214
111 766
145 548
65 273
163 818
528 666
251 717
727 180
162 571
295 523
569 692
252 106
132 257
666 851
112 420
884 191
295 625
469 382
553 875
938 137
341 257
288 765
65 322
802 75
14 375
654 439
791 905
409 518
163 203
264 355
721 937
424 251
132 425
912 511
279 912
918 106
162 977
510 100
390 761
898 886
742 230
983 999
30 978
324 791
504 514
401 346
485 908
989 998
161 112
840 217
786 230
419 589
202 512
940 165
3 969
558 13
178 439
561 20
263 941
558 741
596 916
853 687
4 116
578 394
999 29
414 603
563 858
610 810
604 16
153 193
631 883
6 439
491 314
500 590
954 524
813 538
359 148
997 212
208 577
871 213
133 64
232 439
585 454
339 648
993 416
557 384
331 830
914 37
25 320
279 997
126 383
850 5
816 327
39 23
510 699
836 657
764 650
119 67
621 673
439 104
328 185
624 210
414 298
707 800
531 624
676 801
59 869
574 781
399 583
484 193
352 587
818 508
964 530
804 264
230 563
652 227
514 106
194 878
217 7
487 301
402 778
66 297
827 726
871 163
950 587
973 298
198 40
911 438
908 992
613 78
229 333
244 791
327 507
939 333
564 70
575 775
669 342
194 750
987 930
79 799
946 91
977 650
304 250
196 937
484 637
404 524
458 190
157 853
182 564
595 488
606 294
507 805
5 189
98 232
894 81
516 225
278 391
263 296
413 106
665 915
453 376
400 660
780 430
321 124
671 462
498 293
752 879
268 326
26 502
651 479
921 244
184 560
936 328
737 558
829 191
63 638
215 897
656 972
83 350
574 670
27 464
353 668
665 26
592 931
683 778
861 499
239 179
834 814
392 590
598 722
113 249
44 488
578 505
830 989
281 405
46 673
354 610
622 503
802 558
129 28
640 55
264 572
502 268
129 113
455 871
646 813
617 953
554 434
756 742
641 439
307 211
472 206
699 789
674 492
642 227
509 681
899 919
765 177
926 129
719 938
340 181
513 358
412 670
912 867
840 3
409 90
124 80
412 925
983 896
942 996
154 18
814 74
401 802
98 299
216 769
3 888
673 607
431 623
667 928
189 997
860 685
518 141
714 253
802 374
766 675
920 415
866 538
107 974
965 374
65 194
868 429
757 685
483 14
464 374
269 720
443 918
184 806
488 370
85 665
330 448
783 647
242 653
97 91
899 806
580 925
600 318
401 204
45 936
676 577
508 117
899 429
641 847
126 621
599 215
502 645
132 700
874 643
66 46
888 678
152 810
113 751
937 630
128 422
843 600
564 552
523 90
260 135
503 120
635 3
803 621
789 752
560 731
592 807
690 737
838 458
41 650
834 226
139 596
80 571
111 222
403 971
605 37
849 615
196 425
73 830
812 340
257 402
414 331
825 60
473 71
572 287
494 574
423 40
870 414
850 604
258 770
16 411
378 440
882 267
570 569
904 64
475 19
10 11
478 108
636 937
839 664
433 181
583 717
433 656
393 789
54 96
674 795
171 295
603 514
902 726
224 250
304 209
702 884
178 156
217 792
266 214
579 332
630 621
132 32
360 851
270 625
99 88
432 203
45 823
102 210
710 549
439 514
784 311
239 589
142 572
845 533
290 748
551 699
90 478
181 664
35 248
428 633
113 546
589 320
686 740
765 753
361 458
13 530
800 268
428 63
81 691
492 764
229 705
746 53
230 553
450 570
235 943
395 959
786 600
415 523
549 869
614 567
704 100
123 818
449 984
447 738
425 106
36 109
10 568
916 721
330 108
412 601
143 184
995 17
827 842
96 380
499 578
971 884
378 587
465 785
699 441
302 245
166 872
807 8
898 822
950 536
621 338
681 956
48 692
652 728
975 254
102 739
39 548
754 599
744 888
184 193
693 401
603 258
785 437
347 789
637 573
798 530
360 56
930 722
414 266
391 212
452 54
51 639
82 2
717 649
721 506
102 920
984 472
21 647
786 482
882 667
74 932
781 7
130 848
208 572
112 555
66 629
810 313
309 706
411 708
443 707
254 265
333 735
459 36
59 557
464 310
387 676
930 91
515 238
4 385
81 834
118 213
598 338
90 336
926 682
987 283
116 411
311 758
595 758
255 23
591 868
140 921
517 270
636 787
217 537
309 571
31 188
122 442
508 205
355 586
933 664
642 581
520 441
115 200
666 461
307 208
552 428
621 12
914 490
961 835
701 414
934 7
521 666
913 290
682 132
231 991
578 172
151 77
199 911
915 503
464 203
32 376
478 357
276 437
433 495
384 59
617 350
23 915
998 187
694 579
770 688
291 104
789 773
394 16
137 971
518 276
663 466
414 158
969 278
497 751
842 567
722 364
907 401
975 986
824 24
70 447
90 248
209 707
246 925
661 192
846 510
453 518
846 312
148 426
457 248
163 431
429 104
735 965
421 286
982 601
110 337
524 574
724 622
145 211
541 738
646 476
902 385
808 461
885 462
571 436
511 899
482 887
394 627
54 622
302 999
798 538
416 870
478 718
655 424
283 253
250 141
453 284
785 953
694 962
796 755
890 685
225 759
151 686
458 8
720 640
757 34
356 36
750 255
692 185
162 704
597 635
701 950
59 345
735 81
479 107
811 81
722 284
64 931
122 92
251 7
948 170
132 856
459 728
104 11
407 822
359 548
322 84
367 869
847 162
665 599
556 379
682 54
90 817
324 721
906 66
854 736
522 372
834 433
393 941
150 243
431 790
725 12
944 256
470 417
378 320
709 381
341 951
537 804
659 21
366 935
272 959
635 426
476 486
103 236
934 699
312 176
515 792
268 890
280 736
683 539
548 713
213 961
41 161
792 881
501 103
916 886
779 356
571 430
176 297
243 707
187 954
694 151
52 844
900 476
865 35
127 995
732 783
279 684
889 808
775 957
559 119
768 318
476 463
692 220
398 132
462 20
744 819
616 403
73 810
597 804
27 361
904 969
875 746
845 861
604 852
798 58
721 670
313 319
971 186
176 620
327 632
728 160
756 333
615 515
19 259
631 408
120 851
336 693
864 432
213 310
699 414
854 558
748 667
6 872
359 892
950 110
787 284
145 7
96 1000
441 190
970 678
642 561
54 800
422 823
996 683
289 813
478 845
453 491
272 566
673 770
297 342
621 985
777 816
114 17
963 949
295 717
181 260
639 270
925 432
913 134
438 650
504 195
500 121
253 703
636 136
201 237
696 223
15 430
634 36
169 78
46 307
594 576
244 579
156 49
462 436
707 451
767 30
426 944
581 683
660 699
753 688
78 73
725 455
707 517
173 65
143 117
824 58
969 527
232 221
98 376
809 659
987 790
199 134
687 124
867 898
300 102
783 846
856 974
343 47
185 902
547 566
701 263
34 187
267 522
785 82
202 4
973 341
849 751
357 746
519 231
219 526
708 890
917 778
687 212
71 774
921 897
83 515
873 916
204 533
18 328
22 368
266 653
450 722
373 822
274 266
218 32
296 328
707 157
363 501
555 490
612 804
67 630
750 969
525 444
117 936
501 602
632 601
228 315
226 435
87 306
853 103
680 264
776 919
499 352
130 38
44 785
535 233
295 884
156 455
583 487
349 629
443 120
247 845
551 182
378 39
503 700
407 744
401 471
363 379
803 811
170 958
802 41
128 318
189 796
316 421
809 652
734 771
254 778
906 474
66 485
941 23
45 548
423 758
941 325
786 485
555 222
610 443
77 10
702 314
317 390
422 252
330 284
893 450
93 56
753 642
207 657
273 801
889 50
262 951
692 610
796 403
835 929
915 687
949 340
130 566
927 42
3 250
570 767
709 986
800 857
877 580
701 402
222 256
660 526
924 750
647 773
403 535
11 91
493 194
99 486
539 416
788 711
299 426
89 917
84 788
967 902
6 601
876 392
429 889
964 879
584 352
628 768
172 137
131 989
391 11
501 873
546 602
810 783
654 401
742 590
714 263
867 800
971 24
428 803
558 438
322 671
522 271
61 817
162 464
923 327
529 266
269 197
94 556
658 224
586 345
219 841
552 980
450 44
317 481
581 82
528 30
775 812
731 562
200 113
218 396
635 625
772 631
809 586
616 404
445 891
490 201
576 232
806 433
957 949
691 452
463 342
52 257
505 567
307 825
831 583
215 813
196 523
320 91
899 976
336 900
497 224
932 530
699 361
779 48
540 482
918 426
730 39
97 104
218 87
753 276
176 197
279 684
212 548
852 404
609 270
501 28
360 318
352 362
773 493
191 945
800 962
462 202
406 525
192 250
65 878
214 372
453 585
98 976
812 581
617 181
149 574
847 930
25 623
136 347
350 699
396 634
87 366
890 893
579 960
584 71
109 330
242 881
13 188
81 817
805 854
806 35
22 798
439 680
699 169
1 677
582 21
928 325
435 718
18 921
938 703
82 103
704 188
564 649
40 414
196 496
213 23
20 200
100 823
829 813
808 413
846 319
918 697
651 458
858 698
695 256
769 156
518 811
113 548
244 838
782 407
202 764
278 560
730 379
783 496
593 722
455 395
740 89
172 545
686 559
54 874
17 946
426 917
979 354
816 394
291 615
855 815
580 533
919 288
49 893
143 939
97 798
32 43
630 347
994 810
176 390
702 629
183 277
323 323
577 53
509 830
353 997
171 21
369 644
575 225
497 605
12 238
968 825
539 100
98 462
94 15
290 175
697 772
266 691
782 518
450 923
872 79
485 542
778 146
866 864
832 433
537 691
590 522
852 283
264 504
368 417
786 879
220 224
385 927
514 332
649 541
291 140
729 719
848 357
252 582
926 657
25 633
202 103
909 351
957 581
943 5
377 204
749 161
181 619
325 374
118 958
606 778
519 112
960 444
313 855
305 921
358 415
474 360
3 106
369 557
445 286
224 476
629 663
422 591
414 63
525 977
838 875
236 507
108 336
53 302
857 998
713 27
834 923
875 344
21 43
899 476
569 199
44 677
339 643
151 399
414 957
209 487
611 930
883 817
522 843
553 767
632 825
317 731
209 428
980 127
47 34
25 411
307 974
481 487
60 839
343 554
238 396
353 778
317 52
491 764
554 754
914 358
893 920
859 139
436 875
453 375
746 280
412 403
195 734
368 604
55 492
238 759
430 636
77 72
171 944
140 139
948 419
41 250
608 644
77 321
954 599
406 870
421 756
253 764
25 60
986 914
461 617
908 456
325 629
253 714
798 854
206 8
543 352
591 972
83 204
377 853
460 632
703 52
554 286
338 542
612 930
61 122
286 310
25 355
283 720
202 703
765 878
129 401
668 761
130 940
563 584
465 49
977 702
889 179
726 935
829 753
796 247
307 820
713 211
93 137
690 484
458 321
513 657
485 87
906 12
748 922
939 81
107 724
250 930
490 393
235 382
181 916
442 843
114 183
102 41
448 986
415 889
774 574
354 838
914 338
402 171
444 805
968 302
209 429
582 131
716 192
481 315
450 825
206 246
628 581
150 295
491 822
429 600
351 983
775 686
888 162
787 461
433 831
821 167
738 453
767 817
757 726
271 271
523 470
231 913
672 660
729 14
756 532
649 208
603 260
904 472
712 70
254 571
685 358
608 372
958 52
154 429
23 964
286 329
890 348
454 996
54 493
654 84
76 814
558 233
164 701
46 316
520 311
483 812
79 171
777 694
805 290
353 566
368 529
150 577
102 458
834 501
262 736
310 171
884 26
658 124
881 490
609 114
585 870
713 496
479 334
953 685
975 431
996 756
98 167
126 719
79 538
356 974
999 701
25 251
442 337
709 256
281 626
176 307
940 233
673 560
197 334
400 743
532 706
970 224
268 204
350 236
805 58
27 814
491 515
765 842
848 115
496 933
414 302
972 414
752 856
650 634
297 245
557 278
372 156
492 889
845 89
135 151
96 995
880 350
570 731
909 546
564 231
363 924
703 758
861 499
252 469
653 49
987 561
969 545
223 485
730 295
551 926
665 337
368 61
971 140
122 486
239 971
584 63
373 851
628 658
882 938
42 302
785 522
995 59
124 576
645 973
179 986
785 403
299 905
334 936
843 139
948 266
876 339
35 953
151 341
45 250
179 652
249 252
103 775
729 475
612 484
798 564
591 131
931 328
270 583
376 108
137 224
64 447
419 884
109 750
344 175
330 901
609 641
904 559
222 615
45 824
204 388
443 241
743 825
821 396
218 875
871 728
212 973
470 295
573 149
830 574
89 299
539 101
132 143
569 127
551 82
320 316
74 489
866 725
899 165
503 656
957 598
332 757
221 121
79 888
449 759
590 977
82 584
944 456
579 784
939 900
218 913
72 741
39 833
261 472
418 334
473 508
410 343
101 587
803 868
553 731
800 113
309 318
274 135
801 463
495 963
238 557
678 235
575 476
18 710
346 674
613 516
980 240
903 550
356 650
695 807
774 913
17 923
43 390
409 910
814 433
295 857
594 212
876 872
547 89
644 487
211 259
891 287
414 260
709 204
103 114
585 225
68 871
437 981
680 257
488 871
368 336
36 720
896 319
779 577
926 196
420 845
542 195
845 152
688 95
203 64
184 346
720 338
445 704
500 88
404 719
767 602
829 490
414 354
934 999
148 797
326 68
259 7
325 113
931 78
395 90
634 970
38 524
604 291
664 858
821 891
535 848
829 381
318 104
300 407
797 643
766 604
885 99
176 509
911 454
556 657
109 781
729 74
169 486
535 691
700 135
121 814
690 916
211 186
332 738
438 998
941 381
442 71
882 263
668 200
716 626
688 482
88 288
553 305
448 417
830 2
443 221
63 362
851 930
545 921
654 304
517 631
119 75
704 661
117 425
799 935
756 541
321 768
570 315
577 438
813 629
68 920
300 157
720 814
67 707
182 880
747 602
793 586
681 862
943 534
70 569
576 954
879 310
700 195
13 757
450 490
31 9
847 70
359 870
499 763
987 727
266 361
525 551
1 920
349 78
504 10
437 798
415 969
533 87
868 836
552 560
924 92
470 414
559 3
156 874
521 879
321 742
734 747
115 424
750 536
369 331
58 338
130 570
70 309
462 758
887 226
307 554
926 420
331 437
853 432
979 567
10 612
383 544
10 191
396 613
752 882
895 964
230 229
509 459
770 77
546 180
309 61
613 460
793 658
876 404
169 764
28 238
133 489
852 820
309 468
394 398
430 182
838 291
971 788
918 930
86 458
961 481
247 965
24 349
500 607
506 379
434 335
487 991
162 47
935 603
640 50
884 643
312 741
13 662
258 814
381 799
760 642
484 989
837 27
3 415
896 74
149 468
136 409
524 586
779 437
210 589
730 106
626 99
871 175
534 630
90 803
138 234
176 903
489 71
470 494
534 432
772 716
870 973
21 411
220 135
837 819
84 978
636 962
524 640
683 874
112 251
188 643
182 290
127 361
185 296
562 239
49 370
25 195
27 936
623 996
173 637
67 434
797 778
670 109
234 488
731 80
291 85
600 687
183 912
813 607
77 272
555 669
893 243
726 257
582 667
966 444
129 445
603 64
421 660
399 264
397 756
408 40
215 427
397 446
263 93
537 848
571 807
446 280
696 955
357 958
861 446
867 268
350 495
221 808
628 570
951 773
563 139
513 83
324 542
908 360
756 246
548 71
837 981
190 800
3 300
499 896
722 59
933 835
782 915
106 303
690 186
175 979
269 223
487 847
194 502
716 566
984 910
965 337
946 305
833 118
806 652
450 217
155 793
797 513
583 881
82 503
407 461
247 314
500 478
642 751
466 275
966 359
713 972
85 488
33 637
375 281
618 277
74 144
450 903
811 831
131 224
148 903
716 547
830 211
990 961
233 288
842 405
57 499
929 903
307 676
532 495
681 337
93 557
714 446
262 382
886 476
249 361
640 79
383 867
613 29
389 616
620 500
395 635
646 138
295 600
976 363
10 136
799 423
641 229
819 666
311 262
495 832
744 133
376 384
241 582
843 752
327 971
340 970
798 983
949 125
995 543
308 95
867 624
104 906
885 148
245 964
917 7
61 444
874 425
738 481
723 53
25 597
654 978
337 130
481 663
669 468
357 100
694 655
567 222
461 850
128 60
487 741
232 888
337 86
342 552
822 114
859 214
383 939
897 404
194 653
318 164
71 637
229 223
631 444
174 932
293 944
892 291
681 475
240 843
331 161
68 409
597 804
979 665
4 850
335 906
600 826
171 710
906 34
139 519
790 868
816 488
281 107
448 826
908 729
525 846
538 530
956 11
438 382
778 48
929 794
698 492
955 713
42 260
487 450
63 181
484 954
989 667
128 419
980 233
352 836
967 146
550 683
358 263
827 224
783 969
757 468
393 826
530 155
529 279
845 373
961 289
200 195
485 445
795 120
655 200
604 446
350 654
680 875
75 653
721 787
356 542
345 960
580 156
237 374
762 968
341 756
9 275
299 473
1 301
802 147
91 303
433 518
219 324
32 986
889 93
418 70
688 381
340 516
867 849
397 301
772 29
590 174
831 459
780 675
991 453
156 131
119 469
942 788
20 378
965 57
497 542
854 617
571 535
647 386
310 395
738 245
119 367
466 668
268 280
52 233
48 851
658 633
556 747
716 73
730 706
632 127
652 850
676 52
93 627
193 441
949 400
859 64
731 925
862 972
606 996
931 196
61 488
131 836
664 305
907 500
694 2
208 92
944 287
637 8
246 483
699 249
504 593
537 853
600 385
236 448
350 285
640 851
52 20
424 692
620 431
378 741
86 931
894 313
790 406
129 964
550 661
373 307
680 821
187 861
854 393
532 456
989 180
508 566
343 679
640 9
888 997
866 13
684 124
378 845
215 183
951 945
125 458
750 38
395 518
866 806
149 102
485 210
690 832
806 22
853 360
676 60
845 66
746 611
559 23
675 136
66 945
847 518
459 210
87 795
18 538
38 259
741 400
88 392
372 211
447 210
333 1
452 44
849 983
803 607
918 730
58 331
30 142
131 563
800 685
431 856
134 322
806 329
487 446
125 146
101 243
447 130
369 272
911 321
710 516
228 386
499 390
518 37
853 340
56 40
837 922
623 199
773 662
682 442
841 602
635 6
692 906
301 398
144 582
253 484
450 785
854 642
941 651
912 486
958 692
288 150
248 235
990 728
185 238
51 565
556 498
682 670
713 62
73 639
674 75
703 980
311 262
384 386
412 361
815 607
449 774
363 708
618 598
421 505
600 618
241 978
985 503
891 297
339 927
772 556
39 398
277 721
211 74
235 935
680 871
60 23
182 746
993 74
60 564
292 524
932 185
451 738
78 953
606 976
572 375
46 166
455 705
14 84
592 935
159 619
113 807
806 286
461 119
761 617
820 117
538 240
76 980
522 516
621 456
498 954
787 860
950 492
666 346
211 67
37 907
83 845
679 991
934 876
38 295
659 88
212 512
352 502
608 395
470 992
229 356
192 943
881 960
645 406
784 946
956 137
882 479
344 870
642 520
884 434
649 560
320 711
379 743
181 853
624 710
414 391
581 500
407 47
892 369
2 92
753 633
592 915
447 954
381 188
635 226
119 295
478 787
320 327
297 536
34 533
364 789
418 784
263 937
584 299
381 671
998 743
350 734
487 723
196 526
347 145
584 676
592 724
157 968
802 551
309 892
406 406
52 383
419 19
850 987
491 962
124 36
17 398
181 387
802 40
345 505
497 93
322 944
46 911
71 214
623 311
289 243
354 105
664 598
529 256
822 474
615 924
42 751
82 641
455 390
953 43
326 557
264 998
442 300
786 746
514 527
278 79
12 61
653 349
320 192
963 968
723 190
236 538
341 759
161 601
213 584
379 602
19 464
183 838
670 593
835 509
767 257
136 408
782 553
408 859
892 742
882 402
929 198
427 547
374 589
327 717
325 313
313 984
752 666
735 669
800 567
10 710
559 109
973 625
39 897
211 746
700 479
317 655
416 995
748 159
14 889
292 973
729 353
242 146
605 653
40 321
990 541
151 719
136 443
740 139
751 307
213 50
281 221
941 598
992 886
318 511
812 427
711 434
496 55
679 746
571 335
89 476
930 501
889 672
356 434
261 900
791 200
55 275
153 670
602 647
529 140
514 898
767 90
345 939
225 437
160 831
624 978
819 822
443 5
344 327
130 148
1 407
557 727
400 550
981 651
787 66
267 768
736 312
865 120
130 408
654 321
244 145
726 428
501 893
184 278
197 374
514 303
600 697
50 82
705 234
718 108
624 128
743 513
639 906
73 411
873 538
582 196
284 665
515 726
120 235
107 584
848 964
315 436
337 428
639 655
449 615
459 337
882 184
395 390
439 63
502 444
326 104
641 125
119 454
81 191
532 239
531 155
561 874
791 971
365 495
986 343
369 606
819 754
505 130
425 384
609 23
18 819
346 658
295 374
149 576
262 569
464 842
376 494
14 879
645 684
11 874
124 778
993 350
96 894
308 943
399 215
877 490
468 255
197 368
376 173
264 488
348 954
588 755
858 75
754 379
333 6
244 86
382 96
872 919
801 646
516 606
487 107
530 633
612 594
550 643
12 564
910 340
306 563
449 770
561 104
275 238
455 954
440 730
223 937
46 777
893 322
529 719
919 19
345 475
962 562
486 202
699 17
791 215
856 964
999 759
902 62
401 481
899 897
614 182
638 140
117 621
318 282
82 123
529 185
889 41
943 704
956 614
229 277
868 118
398 613
61 835
591 629
214 59
929 857
191 130
525 587
706 770
467 774
623 505
980 803
755 746
497 220
321 453
763 823
893 987
316 86
172 957
245 524
47 853
866 210
698 343
307 124
696 777
948 701
473 329
768 42
791 934
249 429
117 377
59 873
409 685
442 774
435 397
776 669
30 205
404 454
144 365
8 567
757 585
817 785
824 907
989 342
404 645
271 237
751 586
174 145
680 773
824 30
667 204
161 486
315 854
760 435
104 282
20 542
49 834
346 864
811 560
35 878
722 848
388 202
504 590
765 96
300 969
958 718
556 505
510 440
310 229
63 123
99 32
31 336
293 92
792 203
443 687
434 332
202 438
566 237
599 215
854 918
114 923
92 662
429 204
1 891
214 924
959 140
288 326
97 812
465 88
89 113
135 233
778 118
556 471
63 606
900 61
995 539
229 979
619 734
23 54
873 543
251 762
242 926
472 421
570 731
564 781
158 564
944 453
491 621
983 468
45 461
913 806
107 926
539 408
449 461
249 814
501 763
902 655
222 811
859 883
170 429
383 755
368 874
334 915
829 729
244 340
666 306
548 676
709 480
964 642
943 492
355 556
791 960
439 51
893 473
296 130
449 210
969 291
301 484
176 195
648 370
123 463
757 532
821 975
155 106
913 809
142 59
303 201
14 510
389 255
694 18
808 818
24 577
627 132
223 490
446 254
637 135
427 374
902 884
461 13
92 746
890 966
68 282
155 444
42 293
305 267
817 596
754 449
645 844
988 878
916 268
833 59
314 658
452 303
364 458
68 952
536 776
350 864
731 401
151 757
43 157
298 781
134 248
207 73
593 753
637 898
846 386
361 354
800 305
823 645
393 6
881 959
335 846
310 879
50 775
172 692
321 990
201 655
733 901
110 514
517 89
486 415
924 763
997 500
512 181
884 717
916 863
780 819
705 106
809 155
928 118
970 650
708 647
405 440
686 837
816 442
128 372
470 885
45 672
350 864
768 125
538 537
845 487
591 322
622 142
144 925
255 28
8 502
404 185
327 617
977 454
549 307
273 553
245 157
555 273
900 894
650 251
946 48
308 220
239 343
966 880
634 653
598 690
318 737
209 236
871 824
574 505
708 637
330 162
796 774
13 542
70 351
605 869
59 123
882 759
63 759
913 376
392 729
741 943
414 617
755 96
732 168
197 630
333 734
274 925
363 208
427 647
620 2
217 565
86 560
357 920
573 836
776 32
786 707
684 213
374 720
202 332
167 142
478 821
874 984
680 75
210 627
21 803
23 231
61 657
491 89
742 639
617 309
625 911
207 834
643 810
758 934
383 554
151 708
33 726
648 546
726 44
855 592
771 652
855 198
851 201
65 598
725 971
756 298
437 884
608 287
50 168
695 458
656 264
221 217
391 40
154 661
651 839
613 126
797 416
635 840
666 991
88 205
747 325
190 396
485 488
660 168
249 69
24 500
983 775
400 485
134 116
526 880
759 134
586 182
971 208
452 708
114 321
98 656
694 230
222 810
639 835
828 743
872 417
690 884
690 903
273 257
456 962
540 531
722 871
599 870
382 723
641 595
171 993
188 159
672 99
333 292
373 468
367 740
696 6
581 211
867 896
680 668
835 634
381 254
812 499
803 233
28 547
875 140
878 773
713 80
695 935
178 139
222 205
790 46
15 210
688 623
273 41
484 318
665 76
873 2
830 434
838 4
198 382
234 295
873 934
278 253
69 393
518 190
553 596
633 477
271 295
180 579
195 363
573 504
89 887
247 270
478 596
138 849
325 821
205 20
397 251
822 134
777 480
288 365
104 931
455 545
190 875
864 844
523 855
861 145
930 484
375 403
757 177
156 359
55 272
916 124
754 702
231 641
714 557
297 360
906 231
840 155
878 223
189 500
512 778
281 393
230 172
307 983
268 800
839 54
558 31
136 190
81 533
721 392
66 104
297 952
591 27
165 674
725 658
11 170
714 135
796 792
244 372
424 444
673 362
457 383
912 50
577 882
880 265
765 394
696 489
143 460
159 350
294 166
37 694
593 23
513 125
388 583
444 631
57 994
238 31
538 720
647 328
286 409
953 618
859 120
148 432
100 517
906 967
882 319
101 425
71 538
661 755
297 469
518 844
708 687
825 407
99 140
810 58
488 522
698 48
754 433
486 772
839 66
728 847
378 54
652 300
990 275
974 2
324 11
66 562
449 821
132 130
716 104
825 480
583 285
885 283
995 661
686 702
441 59
353 766
718 451
412 887
838 802
868 810
757 1000
976 386
833 76
917 575
220 542
172 258
74 75
577 786
149 292
708 70
857 296
341 700
397 748
12 410
670 536
591 627
443 388
280 340
516 602
542 319
4 77
707 872
641 811
669 990
577 511
961 540
448 890
853 129
399 883
836 909
487 436
456 405
950 591
531 568
561 937
966 746
179 190
806 457
837 493
427 599
591 661
67 200
749 728
879 268
733 487
484 847
696 470
141 599
176 650
423 29
905 856
445 672
418 128
525 503
390 129
946 53
134 14
635 953
401 778
244 839
735 353
4 737
578 991
159 866
503 68
173 109
195 216
371 953
881 995
904 616
667 808
618 760
567 75
186 361
220 17
605 296
692 967
892 515
589 590
87 134
107 45
678 6
184 952
432 644
55 895
431 757
445 698
971 399
345 435
758 566
661 36
216 832
453 211
861 701
56 707
100 835
189 406
816 345
496 240
684 843
148 789
42 541
371 973
597 387
412 455
537 601
589 203
399 142
658 197
605 471
716 791
437 601
204 974
381 566
234 640
479 76
930 636
890 170
502 659
152 876
506 117
993 849
739 431
73 660
665 428
501 816
944 905
244 103
633 429
451 765
70 953
537 680
422 252
877 730
302 787
429 986
385 103
744 352
792 943
989 552
165 104
142 617
292 353
656 215
516 684
484 853
853 826
178 422
675 454
52 126
642 5
514 645
297 788
389 964
531 43
501 491
332 353
870 410
954 56
712 79
380 578
455 935
607 683
251 112
758 449
216 454
266 434
328 213
819 709
511 431
149 44
792 885
367 464
943 779
224 941
518 808
778 343
556 395
459 261
506 524
770 373
384 394
327 345
928 553
246 329
608 383
782 105
342 646
29 419
599 964
110 248
241 553
53 676
122 577
482 607
225 172
597 827
19 210
153 714
896 34
204 808
695 268
133 162
767 886
567 669
760 92
493 297
953 132
38 199
779 105
852 81
54 70
615 34
35 821
407 670
417 528
802 467
700 728
619 463
515 524
252 515
97 109
125 953
718 935
661 699
830 794
920 820
475 738
993 682
559 36
466 580
812 107
178 320
535 681
527 337
330 681
149 263
498 381
933 855
504 787
33 653
259 510
678 39
798 666
691 388
470 479
578 356
160 882
492 545
328 241
554 119
92 213
577 608
762 325
21 492
343 16
594 471
803 539
527 498
937 844
156 463
794 662
629 295
908 167
928 782
655 102
803 226
977 480
649 407
675 781
831 127
868 222
809 720
412 754
739 270
99 2
629 611
74 217
686 164
874 312
228 830
541 81
483 384
762 114
733 515
4 940
977 336
5 205
630 432
719 915
761 970
860 138
373 232
534 127
915 579
169 870
859 649
992 345
514 635
821 178
220 644
965 115
19 239
819 804
568 800
340 133
682 294
395 685
909 423
846 802
429 933
737 897
75 663
233 952
151 27
363 778
294 970
454 971
86 805
439 292
160 175
340 642
229 947
946 114
85 439
434 928
211 464
890 952
157 457
937 76
594 222
893 752
397 366
120 290
249 9
55 749
661 141
229 24
307 479
816 403
700 465
403 618
886 423
4 565
944 542
222 246
684 894
49 141
990 327
57 744
989 139
997 687
424 907
273 288
923 989
445 958
346 379
839 103
21 135
55 534
228 358
962 878
901 27
537 560
332 350
810 359
890 564
119 658
289 144
646 490
262 346
338 996
944 991
511 969
57 242
83 396
131 810
171 972
364 683
660 523
933 553
907 510
247 659
415 413
351 452
46 341
916 40
293 165
134 269
404 382
537 927
496 655
27 425
155 415
602 472
17 348
561 754
557 228
693 416
172 746
267 592
311 907
116 30
15 921
811 875
252 935
719 150
231 87
316 963
129 217
783 545
114 324
545 233
950 130
803 835
814 647
180 19
35 370
967 660
504 383
968 635
705 572
496 488
894 667
423 577
756 272
18 599
982 475
237 892
264 952
26 229
292 381
27 117
25 803
516 51
361 249
549 605
393 821
638 756
854 180
796 114
222 525
987 409
253 97
476 101
817 317
450 989
928 179
303 431
769 630
916 330
16 645
289 695
398 866
321 618
848 843
906 350
390 112
851 295
159 454
895 388
451 203
106 52
641 779
689 968
739 859
494 9
967 972
252 819
551 242
360 51
210 142
481 757
804 984
338 658
764 777
149 975
685 704
130 361
879 419
728 896
623 921
219 841
76 598
687 513
827 606
516 38
574 301
811 432
760 751
655 904
196 107
687 784
23 269
67 244
995 541
685 311
789 834
467 193
273 394
938 775
724 734
885 643
939 282
669 470
2 603
115 755
951 684
676 126
649 234
869 269
403 622
616 238
357 732
253 905
852 738
68 767
417 754
737 11
136 547
394 128
722 621
901 779
589 716
381 242
498 823
895 85
816 881
600 396
359 872
234 970
175 740
470 576
530 914
755 61
63 297
40 284
864 5
910 319
271 219
786 603
188 308
378 419
850 501
974 434
347 397
473 851
665 249
23 755
207 349
257 257
751 468
759 820
517 306
142 263
219 640
898 537
550 152
957 8
650 169
865 390
786 269
442 860
346 81
864 247
968 549
204 144
992 500
888 776
55 198
772 811
259 700
54 140
633 868
449 666
726 311
194 770
890 638
487 853
378 860
456 692
389 120
963 40
482 801
627 351
1000 471
80 244
581 88
773 597
699 928
6 755
656 853
600 774
20 938
894 999
681 641
753 658
654 791
311 884
981 818
895 209
390 270
60 849
139 529
440 323
693 316
491 715
614 459
516 992
825 791
287 241
543 985
960 642
772 641
895 81
313 969
637 638
410 163
37 530
555 954
158 431
79 440
408 992
378 299
702 482
632 637
235 372
620 725
847 67
357 640
540 657
670 868
820 159
765 766
286 664
215 794
56 655
234 827
599 652
786 508
869 924
216 806
946 727
96 658
206 285
778 106
941 179
308 172
741 450
70 583
948 10
406 216
822 197
980 126
381 998
512 725
289 996
571 280
35 650
756 323
316 345
156 480
971 223
83 40
879 890
460 773
578 336
175 661
631 953
431 569
181 183
827 95
259 4
904 325
223 101
518 527
250 686
753 90
374 982
684 834
811 244
753 545
134 490
244 1
683 441
73 508
61 902
603 730
563 715
638 627
173 585
599 509
871 980
819 848
69 423
861 184
601 746
676 299
448 865
92 916
739 183
148 719
29 163
8 14
545 58
415 763
190 845
280 86
300 524
584 786
849 827
504 691
336 555
13 483
530 396
335 285
279 323
342 25
198 751
578 298
571 656
554 356
217 777
207 738
913 613
962 591
913 784
795 227
896 224
692 968
793 332
653 494
343 467
329 676
88 528
913 439
36 61
895 224
839 518
862 985
645 631
616 536
638 896
752 632
419 304
625 212
991 1000
558 429
993 617
228 966
626 673
213 30
50 985
654 997
816 283
555 83
689 731
354 13
735 378
989 250
62 435
172 789
588 736
930 947
784 236
839 384
148 135
278 397
589 837
335 196
11 64
200 23
492 687
504 534
629 991
492 392
780 25
677 396
920 724
178 176
362 485
482 2
632 716
972 372
815 184
123 693
1000 702
772 766
63 974
74 499
848 502
4 179
779 107
164 849
498 925
844 212
559 379
389 243
155 455
992 525
981 827
648 248
696 43
79 312
897 757
56 355
95 527
173 627
59 176
642 852
170 378
537 654
304 702
776 420
280 8
632 694
66 420
527 205
955 554
296 629
283 598
658 280
715 227
710 328
109 121
333 692
497 131
466 839
245 94
307 198
669 808
21 153
603 621
824 99
737 168
665 653
532 288
232 960
691 73
393 842
209 524
142 778
679 81
669 839
589 428
862 895
858 598
120 980
619 710
820 979
944 975
489 360
981 476
186 508
184 81
365 928
198 435
958 407
251 435
20 998
801 967
305 879
96 666
719 920
464 430
9 85
355 766
976 925
222 576
72 155
457 811
603 387
869 526
883 225
998 177
453 860
137 440
412 712
967 613
980 292
210 684
337 9
152 718
327 797
406 94
195 719
951 904
145 755
341 163
239 1000
503 604
274 241
339 733
480 1
998 350
358 618
722 75
195 695
159 13
180 160
406 70
769 902
513 543
632 304
991 180
257 622
831 555
618 692
946 664
947 545
590 101
908 152
120 360
494 206
610 685
168 166
421 862
763 529
864 224
304 274
986 568
920 97
381 950
452 502
52 745
543 193
318 99
520 655
619 997
60 496
606 6
59 238
140 832
362 776
132 452
697 944
215 712
198 554
498 486
578 695
474 878
370 449
863 422
449 623
852 138
164 867
966 863
686 538
42 500
429 707
620 114
716 796
894 227
970 705
398 474
859 567
51 201
590 168
81 233
711 824
546 557
830 975
839 920
15 192
864 544
811 970
737 107
863 580
262 889
100 918
704 930
295 381
952 474
969 328
3 161
762 457
454 264
762 134
788 153
776 601
134 878
38 636
66 869
940 17
280 403
900 681
680 254
182 139
64 455
565 791
997 456
50 764
47 194
648 471
547 83
599 669
635 37
389 826
832 922
345 99
467 399
666 65
768 391
184 343
68 762
881 238
144 909
159 719
126 676
624 769
724 309
646 731
712 22
591 84
898 330
80 17
904 440
374 263
741 60
261 2
899 474
333 773
860 625
737 35
979 732
274 933
336 439
212 165
660 760
822 770
305 699
976 237
854 779
520 891
858 62
974 92
822 368
625 852
272 482
801 928
453 84
934 451
807 697
656 849
871 803
705 436
965 487
929 957
446 834
208 613
477 971
249 92
821 611
605 515
845 442
429 45
885 380
852 699
200 84
404 864
227 240
616 913
197 389
202 882
759 948
367 981
830 213
311 220
903 603
105 689
986 9
766 380
402 427
29 940
452 607
247 562
630 477
379 459
730 950
125 684
202 929
67 434
862 220
985 962
637 600
709 959
512 997
325 587
389 961
143 24
210 427
809 30
776 925
266 680
163 25
625 538
671 978
597 766
853 502
925 239
78 91
377 957
575 768
448 595
21 182
859 149
459 175
778 326
618 149
998 537
273 246
694 358
853 222
462 887
794 653
157 779
75 491
357 971
270 994
313 68
499 451
522 708
127 563
210 776
132 647
277 645
707 557
924 326
693 21
916 294
14 505
231 742
499 145
810 409
101 657
926 637
279 287
994 373
245 615
993 213
85 842
24 438
58 983
275 595
926 592
593 675
784 736
69 95
479 555
646 798
446 287
129 744
608 906
517 472
21 436
543 901
734 854
608 770
485 787
468 285
313 382
180 533
249 108
190 240
702 923
458 251
854 956
361 259
758 221
618 988
72 369
949 680
126 428
843 546
397 386
125 556
869 999
508 725
960 852
177 847
577 609
287 768
216 582
893 327
259 535
504 186
654 607
593 54
870 75
299 862
538 898
935 767
403 980
627 996
878 353
216 325
840 435
691 5
666 327
63 60
660 384
833 522
126 652
156 566
525 163
222 398
291 829
651 551
211 556
336 744
835 466
554 586
946 387
376 898
140 198
574 74
308 928
244 36
329 786
991 497
748 757
310 650
217 691
159 277
916 119
115 649
606 663
39 509
680 609
565 342
287 516
194 488
801 792
825 656
207 369
208 95
147 152
10 841
283 306
877 46
631 757
892 353
304 425
119 248
313 707
625 283
627 376
291 392
531 295
880 893
574 535
289 112
657 500
681 708
98 348
587 701
491 487
115 310
984 78
306 153
910 219
214 319
87 954
297 912
147 614
161 149
193 270
544 572
238 417
205 411
373 961
675 585
425 716
608 330
343 728
944 849
23 72
131 403
235 202
781 841
321 692
404 942
694 566
887 698
572 448
605 462
533 671
588 545
616 853
483 875
716 23
746 464
531 659
160 839
817 385
69 779
516 329
561 913
886 493
293 987
664 65
425 493
874 248
837 398
505 160
996 530
848 690
486 861
802 67
837 354
910 614
394 61
452 325
729 286
448 437
338 135
781 434
889 487
331 843
840 696
859 904
692 694
122 769
5 106
461 240
74 957
77 241
52 993
875 105
58 708
469 557
430 646
441 117
669 86
249 81
4 263
935 202
257 193
331 76
280 301
460 890
839 617
212 467
404 613
551 556
613 413
676 94
41 456
724 905
189 512
611 665
177 659
245 944
364 433
139 740
349 287
238 354
476 348
619 267
176 466
272 958
139 215
206 831
779 772
431 446
321 110
578 147
199 643
860 337
902 943
921 968
550 872
260 663
617 822
779 465
394 368
623 56
666 123
602 864
780 540
458 157
850 343
181 87
46 785
109 125
973 907
854 744
121 136
13 546
271 297
812 126
217 334
443 521
372 961
281 833
316 438
652 309
846 565
325 126
294 851
343 677
363 557
361 597
600 126
10 353
732 684
709 697
868 654
829 417
415 904
67 459
723 651
421 639
294 942
393 911
47 113
939 520
606 780
203 670
354 628
555 206
978 478
639 98
637 582
437 41
941 322
959 701
401 866
199 809
395 67
338 707
314 349
64 182
688 122
316 579
118 464
207 313
431 64
409 634
179 111
178 848
5 861
62 904
886 973
440 413
563 884
56 552
397 534
607 47
272 405
507 556
926 891
782 112
501 178
468 80
214 273
989 454
415 594
423 186
243 130
88 971
200 921
82 800
665 915
552 732
542 646
528 378
409 205
658 741
42 443
671 596
62 532
61 171
426 945
195 445
438 234
184 929
616 594
57 579
391 13
834 244
826 445
468 596
567 669
464 191
128 69
283 350
875 392
147 240
512 690
705 425
969 685
951 665
877 974
100 863
373 780
486 56
204 753
359 843
696 285
859 223
278 918
208 823
637 324
487 597
592 492
922 644
162 851
711 482
494 182
436 174
13 440
491 799
972 948
640 62
924 555
520 988
227 207
221 38
164 305
880 568
802 137
222 168
251 372
37 381
427 762
160 40
310 488
394 33
106 452
856 973
747 488
154 30
465 504
811 868
640 279
614 947
495 991
620 676
995 855
227 521
620 74
545 371
327 854
298 246
566 346
726 376
494 60
487 126
623 497
265 191
777 230
2 685
237 311
4 321
985 414
441 758
233 902
39 321
498 736
492 391
528 598
611 848
555 750
503 211
85 762
888 969
423 805
916 430
277 240
976 870
183 127
791 108
338 613
961 889
318 839
359 275
616 991
47 812
155 544
748 149
683 994
783 706
491 998
483 759
615 276
469 635
612 114
947 52
759 697
504 84
347 603
541 475
903 199
905 468
887 392
251 732
465 706
767 217
491 695
88 639
700 497
366 937
896 697
840 693
536 992
35 761
281 435
931 421
443 12
537 561
173 983
838 217
927 602
760 862
1 593
139 270
426 409
417 478
491 699
420 368
157 995
99 552
112 17
219 779
510 111
864 914
735 45
357 483
318 434
625 545
963 356
602 245
907 98
782 205
917 447
431 572
558 785
575 401
200 763
349 605
54 760
518 895
659 506
912 874
796 378
330 787
851 384
168 387
701 772
494 371
830 238
107 729
660 332
56 333
201 58
824 417
781 111
3 417
867 565
166 895
506 425
253 578
40 580
619 376
890 993
529 82
