649 687
950 601
96 559
748 489
516 154
709 445
70 908
761 975
871 442
4 12
961 645
518 199
566 74
909 779
280 121
470 243
224 949
308 564
442 147
240 766
65 750
217 814
783 259
61 368
576 600
969 659
976 458
638 821
906 968
493 161
467 674
613 85
582 134
762 25
552 995
455 733
471 135
655 883
239 791
449 229
157 422
906 583
815 599
71 704
716 686
923 206
136 740
14 432
195 177
319 775
851 96
611 95
278 101
303 2
876 681
890 151
348 978
22 889
359 620
425 826
722 541
991 962
800 904
274 67
903 824
620 231
441 791
100 867
94 175
696 149
584 457
690 109
791 77
782 608
702 425
643 475
486 813
512 406
953 406
704 86
842 249
721 271
875 779
954 378
663 927
699 68
929 767
865 319
956 566
906 933
157 38
77 17
398 286
326 209
541 302
721 897
52 133
773 937
225 179
611 499
25 355
127 357
1 379
766 846
613 959
440 286
484 834
257 598
148 15
66 203
490 304
917 685
101 892
185 733
708 158
922 182
820 500
893 82
798 949
690 528
665 110
155 949
892 847
580 674
559 721
852 916
410 243
755 713
389 982
620 553
58 309
605 387
288 601
628 235
74 948
805 288
544 4
377 202
339 459
857 779
286 932
595 805
124 304
108 21
221 291
535 991
157 808
557 923
966 940
757 734
724 273
686 587
585 969
923 715
467 871
302 227
51 912
232 254
208 791
23 498
659 746
641 567
403 951
777 373
524 763
728 661
932 404
549 435
422 765
168 858
131 242
3 873
405 893
490 805
149 128
653 807
136 708
443 959
646 922
977 401
164 287
780 791
794 709
787 151
750 888
745 391
402 14
225 422
500 843
586 468
653 323
557 925
917 345
701 81
413 488
207 216
756 1000
873 829
622 140
896 368
169 641
541 304
570 817
104 585
856 769
527 642
407 576
240 602
632 25
734 237
983 74
457 569
398 126
297 942
480 536
315 261
39 993
5 751
602 332
719 154
753 112
578 192
547 134
310 208
675 387
582 889
318 688
359 292
856 393
594 154
576 626
357 318
857 952
840 811
986 895
486 233
376 352
331 908
193 902
14 118
341 273
847 967
361 226
186 226
964 496
564 721
406 954
973 571
181 262
7 725
121 730
535 471
971 937
561 977
378 136
776 21
758 561
382 94
504 936
81 826
385 636
800 596
842 488
292 133
404 403
26 428
857 876
327 59
851 818
909 44
116 444
662 916
581 100
70 751
587 185
134 556
847 749
685 586
44 780
314 891
54 822
904 320
562 263
273 269
696 685
734 919
176 321
141 115
140 474
349 184
434 230
70 192
214 43
324 499
317 733
214 813
420 241
441 657
282 937
419 150
251 960
189 873
471 385
560 707
754 539
379 268
85 680
491 591
877 158
381 304
251 677
808 876
924 882
463 696
746 835
685 61
858 804
681 570
663 370
437 858
415 582
881 568
260 492
405 152
598 309
543 128
816 754
786 439
824 938
816 84
434 477
936 442
927 417
643 371
866 365
932 283
643 701
63 582
664 517
996 52
737 609
523 795
498 229
241 334
438 336
604 398
42 270
140 510
1000 663
67 563
406 578
78 771
558 190
692 733
215 954
318 546
716 746
288 826
235 253
216 242
920 278
492 676
947 208
208 792
383 981
200 362
61 568
619 124
649 386
561 373
514 890
70 970
24 608
599 132
409 100
852 386
557 162
863 584
507 705
389 128
51 244
10 913
357 553
866 221
930 288
949 783
914 766
122 900
53 819
703 89
622 624
936 70
165 197
662 18
764 994
642 903
740 829
331 55
968 99
843 22
554 474
929 706
677 142
219 529
956 506
945 234
689 106
426 375
695 487
625 32
508 195
32 812
322 613
712 20
85 359
448 496
738 950
364 510
357 698
280 56
19 71
621 30
642 642
154 691
629 480
207 844
981 316
798 863
964 983
964 504
580 909
215 458
528 997
375 28
113 466
865 529
595 344
818 637
961 448
665 189
582 288
425 902
869 180
53 608
972 522
221 132
541 141
624 964
573 631
338 19
160 133
408 773
869 198
185 375
109 628
303 650
234 62
318 508
310 269
853 144
946 853
107 687
272 102
724 223
354 836
188 403
628 436
514 155
159 473
321 261
464 405
891 868
865 923
183 968
191 181
589 646
316 569
271 418
293 426
42 146
182 404
349 797
92 71
434 659
779 280
691 238
154 124
358 714
52 263
107 209
80 101
366 67
883 998
385 196
340 399
444 29
200 790
807 511
112 14
54 742
712 933
942 411
521 946
40 836
273 906
667 392
529 868
391 205
279 204
912 357
61 126
503 409
386 492
31 252
1000 665
438 707
238 246
819 347
358 220
447 731
537 484
767 68
770 676
513 871
432 291
572 701
392 366
365 437
83 740
56 185
676 7
291 170
236 308
785 774
905 117
966 134
220 828
798 717
787 299
291 950
639 562
879 885
646 1
654 273
931 734
400 872
116 681
421 291
652 175
865 580
619 692
851 166
995 43
177 515
476 939
854 876
794 58
62 796
189 261
97 157
170 948
375 336
976 144
579 775
797 406
571 118
170 352
71 417
668 202
343 335
717 146
42 392
91 91
220 482
766 732
63 106
640 821
550 530
360 737
926 405
47 763
742 667
215 394
697 865
113 110
529 440
374 288
566 786
856 941
631 688
874 884
96 751
245 64
53 796
820 463
725 742
610 812
939 899
91 698
441 494
32 618
454 791
759 927
778 427
947 392
135 317
223 310
379 197
257 590
499 712
429 137
185 425
294 322
513 719
349 568
729 598
963 5
167 42
97 437
208 457
586 731
133 969
975 721
736 163
476 351
296 14
169 694
618 870
740 565
841 654
756 123
783 19
809 822
668 243
898 84
485 335
599 448
977 637
737 183
633 913
606 267
878 828
473 959
279 341
186 549
90 696
530 605
75 676
2 126
52 906
588 482
188 826
873 837
114 312
101 878
707 487
648 993
931 516
526 644
528 343
169 17
917 534
638 140
414 266
341 941
903 469
573 904
762 12
128 859
945 610
106 343
240 6
432 923
167 366
727 277
671 995
594 986
770 246
192 745
16 332
996 795
63 766
943 437
834 516
684 281
197 76
10 538
152 901
159 719
859 288
387 274
113 961
195 440
120 379
591 483
504 426
430 951
929 861
537 59
130 507
693 841
855 716
52 471
3 380
326 14
998 428
804 938
441 682
310 867
464 98
381 844
910 180
939 179
392 976
874 864
554 464
139 9
159 701
384 805
528 964
796 944
906 857
257 158
876 909
569 723
321 573
857 435
908 539
187 981
129 729
460 837
420 179
838 994
908 892
142 325
335 20
496 380
388 808
705 478
53 474
974 736
236 595
763 679
39 454
135 598
383 735
478 546
677 756
974 276
390 779
678 168
441 156
956 932
510 440
94 258
474 986
588 601
8 189
292 425
794 494
341 6
576 467
96 679
152 844
259 303
686 617
560 819
502 829
303 710
432 609
815 514
587 132
842 519
998 1
618 105
763 2
502 453
996 396
698 43
610 866
542 259
900 750
573 425
349 270
960 331
497 332
476 381
945 376
466 962
285 377
598 38
482 866
306 154
653 618
116 336
926 862
733 599
391 291
411 481
687 559
721 611
146 319
365 580
508 31
555 834
46 893
608 130
360 286
114 830
344 693
398 372
914 881
345 748
80 207
291 834
859 16
441 406
539 981
291 488
411 647
37 311
641 211
169 939
445 543
580 401
895 574
40 784
262 50
723 634
606 931
110 221
922 346
344 539
395 347
972 62
663 395
904 72
293 765
551 378
192 692
426 363
386 444
522 860
531 273
505 153
938 589
746 962
732 724
182 571
458 683
881 385
911 984
516 535
947 611
476 943
466 333
275 876
457 880
773 775
225 767
237 473
532 703
761 801
856 943
379 566
194 412
402 192
748 368
529 82
802 499
110 322
770 915
510 140
467 384
167 523
255 595
990 497
635 488
698 530
270 569
120 92
928 654
904 802
102 418
967 137
155 111
607 250
17 892
885 322
104 926
833 982
870 61
203 99
752 857
548 132
55 253
187 917
407 922
505 656
844 942
919 558
254 823
566 353
990 571
519 327
545 866
812 689
261 86
918 189
410 113
521 641
235 648
501 849
4 191
703 314
486 133
607 240
138 401
803 141
418 261
828 331
526 26
126 228
261 597
702 880
698 24
40 743
169 260
511 663
50 597
280 688
414 958
16 46
407 79
581 711
365 124
59 710
734 856
17 839
341 834
27 555
423 519
977 247
698 136
263 872
895 741
934 346
953 697
267 345
150 248
150 815
838 863
62 647
722 804
940 649
918 117
893 32
722 221
188 312
997 868
407 260
219 846
344 439
306 943
542 241
479 765
205 788
486 959
52 760
993 708
30 604
208 543
436 701
682 682
209 452
419 361
421 811
655 368
405 240
310 63
395 342
529 877
658 88
364 739
6 399
612 570
409 70
442 519
88 156
256 614
560 65
188 830
619 549
931 387
463 909
984 737
673 991
229 760
869 57
401 539
